AVERAGE PREDICTED LIQUID WATER CONTENT FOR EACH NODE (M3/M3)
  DY HR  YR   0.00  0.05  0.10  0.15  0.20  0.25  0.30  0.35  0.40  0.45  0.50  0.60  0.70  0.80  0.90  1.00  1.50
   1  1 2018 0.048 0.050 0.038 0.039 0.040 0.015 0.016 0.017 0.019 0.026 0.060 0.060 0.060 0.020 0.020 0.020 0.020
   1 24 2018 0.048 0.048 0.037 0.038 0.039 0.015 0.015 0.017 0.019 0.024 0.041 0.042 0.043 0.011 0.011 0.011 0.012
   2 24 2018 0.048 0.046 0.035 0.036 0.037 0.014 0.014 0.015 0.017 0.020 0.037 0.038 0.038 0.010 0.010 0.010 0.010
   3 24 2018 0.047 0.049 0.036 0.037 0.037 0.014 0.014 0.015 0.016 0.019 0.034 0.034 0.035 0.009 0.009 0.009 0.009
   4 24 2018 0.045 0.049 0.037 0.037 0.038 0.014 0.014 0.015 0.016 0.019 0.028 0.032 0.033 0.008 0.008 0.008 0.008
   5 24 2018 0.049 0.052 0.038 0.039 0.039 0.014 0.015 0.015 0.016 0.018 0.020 0.032 0.032 0.008 0.008 0.008 0.008
   6 24 2018 0.051 0.052 0.039 0.039 0.040 0.014 0.015 0.015 0.016 0.017 0.019 0.032 0.032 0.008 0.008 0.008 0.008
   7 24 2018 0.047 0.048 0.037 0.038 0.039 0.014 0.015 0.015 0.016 0.017 0.018 0.030 0.030 0.008 0.008 0.008 0.008
   8 24 2018 0.050 0.050 0.038 0.038 0.039 0.014 0.014 0.015 0.016 0.017 0.018 0.029 0.029 0.007 0.007 0.008 0.008
   9 24 2018 0.055 0.054 0.040 0.040 0.040 0.014 0.015 0.015 0.016 0.016 0.018 0.027 0.027 0.007 0.007 0.007 0.007
  10 24 2018 0.054 0.055 0.042 0.042 0.042 0.015 0.015 0.016 0.016 0.017 0.018 0.025 0.026 0.006 0.007 0.007 0.007
  11 24 2018 0.044 0.047 0.037 0.039 0.040 0.015 0.015 0.016 0.016 0.017 0.018 0.024 0.025 0.006 0.006 0.007 0.007
  12 24 2018 0.045 0.046 0.036 0.037 0.038 0.014 0.014 0.015 0.016 0.017 0.018 0.023 0.024 0.006 0.006 0.006 0.006
  13 24 2018 0.045 0.046 0.035 0.036 0.037 0.013 0.014 0.014 0.015 0.016 0.017 0.021 0.022 0.006 0.006 0.006 0.006
  14 24 2018 0.045 0.046 0.035 0.036 0.037 0.013 0.014 0.014 0.015 0.015 0.016 0.019 0.020 0.005 0.006 0.006 0.006
  15 24 2018 0.043 0.045 0.035 0.035 0.036 0.013 0.013 0.014 0.014 0.015 0.016 0.018 0.019 0.005 0.006 0.006 0.006
  16 24 2018 0.042 0.043 0.033 0.034 0.035 0.012 0.013 0.013 0.014 0.014 0.015 0.017 0.018 0.005 0.005 0.006 0.006
  17 24 2018 0.043 0.044 0.034 0.034 0.035 0.012 0.013 0.013 0.013 0.014 0.014 0.016 0.018 0.005 0.005 0.006 0.006
  18 24 2018 0.047 0.047 0.035 0.035 0.035 0.012 0.013 0.013 0.013 0.014 0.014 0.015 0.017 0.005 0.005 0.006 0.006
  19 24 2018 0.050 0.050 0.037 0.037 0.037 0.013 0.013 0.013 0.013 0.014 0.014 0.015 0.016 0.004 0.005 0.005 0.005
  20 24 2018 0.048 0.048 0.037 0.037 0.037 0.013 0.013 0.013 0.014 0.014 0.014 0.015 0.016 0.004 0.005 0.005 0.005
  21 24 2018 0.044 0.045 0.035 0.036 0.036 0.013 0.013 0.013 0.014 0.014 0.014 0.015 0.016 0.004 0.005 0.005 0.005
  22 24 2018 0.045 0.046 0.035 0.035 0.036 0.013 0.013 0.013 0.013 0.014 0.014 0.015 0.016 0.004 0.005 0.005 0.005
  23 24 2018 0.045 0.046 0.035 0.035 0.036 0.013 0.013 0.013 0.013 0.013 0.014 0.014 0.015 0.004 0.005 0.005 0.005
  24 24 2018 0.046 0.046 0.035 0.035 0.036 0.013 0.013 0.013 0.013 0.013 0.014 0.014 0.015 0.004 0.005 0.005 0.005
  25 24 2018 0.047 0.047 0.035 0.036 0.036 0.013 0.013 0.013 0.013 0.013 0.014 0.014 0.015 0.004 0.004 0.005 0.005
  26 24 2018 0.045 0.046 0.035 0.036 0.036 0.013 0.013 0.013 0.013 0.013 0.014 0.014 0.015 0.004 0.004 0.005 0.005
  27 24 2018 0.044 0.045 0.034 0.035 0.035 0.013 0.013 0.013 0.013 0.013 0.014 0.014 0.015 0.004 0.004 0.005 0.005
  28 24 2018 0.044 0.045 0.034 0.034 0.035 0.012 0.013 0.013 0.013 0.013 0.013 0.014 0.015 0.004 0.004 0.005 0.005
  29 24 2018 0.045 0.046 0.034 0.035 0.035 0.012 0.012 0.013 0.013 0.013 0.013 0.014 0.014 0.004 0.004 0.005 0.005
  30 24 2018 0.047 0.047 0.035 0.035 0.035 0.012 0.013 0.013 0.013 0.013 0.013 0.014 0.014 0.004 0.004 0.005 0.005
  31 24 2018 0.049 0.049 0.037 0.037 0.037 0.013 0.013 0.013 0.013 0.013 0.013 0.014 0.014 0.004 0.004 0.005 0.005
  32 24 2018 0.048 0.048 0.037 0.037 0.037 0.013 0.013 0.013 0.013 0.013 0.013 0.014 0.014 0.003 0.004 0.004 0.005
  33 24 2018 0.048 0.048 0.036 0.037 0.037 0.013 0.013 0.013 0.013 0.013 0.013 0.014 0.014 0.003 0.004 0.004 0.005
  34 24 2018 0.048 0.049 0.037 0.037 0.037 0.013 0.013 0.013 0.013 0.013 0.014 0.014 0.014 0.003 0.004 0.004 0.005
  35 24 2018 0.048 0.048 0.036 0.037 0.037 0.013 0.013 0.013 0.013 0.013 0.014 0.014 0.014 0.003 0.004 0.004 0.005
  36 24 2018 0.048 0.048 0.036 0.037 0.037 0.013 0.013 0.013 0.013 0.013 0.014 0.014 0.014 0.003 0.004 0.004 0.005
  37 24 2018 0.047 0.048 0.036 0.037 0.037 0.013 0.013 0.013 0.013 0.013 0.014 0.014 0.014 0.003 0.004 0.004 0.005
  38 24 2018 0.047 0.047 0.036 0.036 0.037 0.013 0.013 0.013 0.013 0.013 0.014 0.014 0.014 0.003 0.004 0.004 0.005
  39 24 2018 0.048 0.048 0.036 0.036 0.036 0.013 0.013 0.013 0.013 0.013 0.014 0.014 0.014 0.003 0.004 0.004 0.005
  40 24 2018 0.049 0.049 0.037 0.037 0.037 0.013 0.013 0.013 0.013 0.013 0.014 0.014 0.014 0.003 0.004 0.004 0.005
  41 24 2018 0.049 0.050 0.037 0.037 0.038 0.013 0.013 0.013 0.013 0.013 0.014 0.014 0.014 0.003 0.004 0.004 0.005
  42 24 2018 0.047 0.048 0.037 0.037 0.037 0.013 0.013 0.013 0.013 0.014 0.014 0.014 0.014 0.003 0.004 0.004 0.005
  43 24 2018 0.047 0.048 0.036 0.036 0.037 0.013 0.013 0.013 0.013 0.014 0.014 0.014 0.014 0.003 0.004 0.004 0.005
  44 24 2018 0.048 0.048 0.036 0.036 0.037 0.013 0.013 0.013 0.013 0.013 0.014 0.014 0.014 0.003 0.004 0.004 0.005
  45 24 2018 0.048 0.048 0.036 0.037 0.037 0.013 0.013 0.013 0.013 0.013 0.014 0.014 0.014 0.003 0.004 0.004 0.005
  46 24 2018 0.048 0.048 0.037 0.037 0.037 0.013 0.013 0.013 0.013 0.013 0.014 0.014 0.014 0.003 0.004 0.004 0.005
  47 24 2018 0.046 0.047 0.036 0.036 0.037 0.013 0.013 0.013 0.013 0.013 0.014 0.014 0.014 0.003 0.004 0.004 0.005
  48 24 2018 0.046 0.047 0.035 0.036 0.036 0.013 0.013 0.013 0.013 0.013 0.014 0.014 0.014 0.003 0.004 0.004 0.005
  49 24 2018 0.048 0.048 0.036 0.036 0.036 0.013 0.013 0.013 0.013 0.013 0.013 0.014 0.014 0.003 0.004 0.004 0.005
  50 24 2018 0.048 0.048 0.036 0.037 0.037 0.013 0.013 0.013 0.013 0.013 0.013 0.014 0.014 0.003 0.004 0.004 0.005
  51 24 2018 0.045 0.046 0.036 0.036 0.036 0.013 0.013 0.013 0.013 0.013 0.013 0.014 0.014 0.003 0.004 0.004 0.005
  52 24 2018 0.044 0.045 0.034 0.035 0.035 0.013 0.013 0.013 0.013 0.013 0.013 0.014 0.014 0.003 0.004 0.004 0.005
  53 24 2018 0.043 0.044 0.034 0.034 0.035 0.012 0.012 0.013 0.013 0.013 0.013 0.014 0.014 0.003 0.004 0.004 0.005
  54 24 2018 0.043 0.044 0.033 0.034 0.034 0.012 0.012 0.012 0.013 0.013 0.013 0.013 0.014 0.003 0.004 0.004 0.005
  55 24 2018 0.043 0.044 0.033 0.034 0.034 0.012 0.012 0.012 0.012 0.013 0.013 0.013 0.014 0.003 0.003 0.004 0.005
  56 24 2018 0.043 0.044 0.033 0.033 0.034 0.012 0.012 0.012 0.012 0.013 0.013 0.013 0.013 0.003 0.003 0.004 0.005
  57 24 2018 0.043 0.044 0.033 0.033 0.034 0.012 0.012 0.012 0.012 0.012 0.013 0.013 0.013 0.003 0.003 0.004 0.005
  58 24 2018 0.044 0.044 0.033 0.034 0.034 0.012 0.012 0.012 0.012 0.012 0.013 0.013 0.013 0.003 0.003 0.004 0.005
  59 24 2018 0.044 0.045 0.034 0.034 0.034 0.012 0.012 0.012 0.012 0.012 0.012 0.013 0.013 0.003 0.003 0.004 0.005
  60 24 2018 0.045 0.045 0.034 0.034 0.034 0.012 0.012 0.012 0.012 0.012 0.012 0.013 0.013 0.003 0.003 0.004 0.005
  61 24 2018 0.047 0.047 0.035 0.035 0.035 0.012 0.012 0.012 0.012 0.012 0.012 0.013 0.013 0.003 0.003 0.003 0.005
  62 24 2018 0.050 0.050 0.036 0.036 0.036 0.012 0.012 0.012 0.012 0.012 0.013 0.013 0.013 0.003 0.003 0.003 0.005
  63 24 2018 0.055 0.053 0.038 0.037 0.037 0.013 0.013 0.013 0.013 0.013 0.013 0.013 0.013 0.003 0.003 0.003 0.005
  64 24 2018 0.046 0.048 0.037 0.037 0.037 0.013 0.013 0.013 0.013 0.013 0.013 0.013 0.013 0.003 0.003 0.003 0.005
  65 24 2018 0.044 0.045 0.034 0.035 0.035 0.013 0.013 0.013 0.013 0.013 0.013 0.013 0.013 0.003 0.003 0.003 0.005
  66 24 2018 0.044 0.044 0.034 0.034 0.034 0.012 0.012 0.012 0.013 0.013 0.013 0.013 0.013 0.003 0.003 0.003 0.005
  67 24 2018 0.047 0.046 0.034 0.034 0.035 0.012 0.012 0.012 0.012 0.013 0.013 0.013 0.013 0.003 0.003 0.003 0.005
  68 24 2018 0.049 0.048 0.036 0.036 0.035 0.012 0.012 0.012 0.013 0.013 0.013 0.013 0.013 0.003 0.003 0.003 0.005
  69 24 2018 0.047 0.048 0.036 0.036 0.036 0.013 0.013 0.013 0.013 0.013 0.013 0.013 0.013 0.003 0.003 0.003 0.005
  70 24 2018 0.046 0.046 0.035 0.035 0.036 0.012 0.013 0.013 0.013 0.013 0.013 0.013 0.013 0.003 0.003 0.003 0.005
  71 24 2018 0.047 0.047 0.035 0.035 0.036 0.012 0.013 0.013 0.013 0.013 0.013 0.013 0.013 0.003 0.003 0.003 0.005
  72 24 2018 0.059 0.053 0.038 0.037 0.036 0.013 0.013 0.013 0.013 0.013 0.013 0.013 0.013 0.003 0.003 0.003 0.005
  73 24 2018 0.099 0.068 0.051 0.042 0.040 0.014 0.013 0.013 0.013 0.013 0.013 0.013 0.013 0.003 0.003 0.003 0.005
  74 24 2018 0.100 0.079 0.052 0.047 0.044 0.015 0.014 0.014 0.014 0.014 0.013 0.013 0.014 0.003 0.003 0.003 0.005
  75 24 2018 0.069 0.066 0.048 0.046 0.045 0.015 0.015 0.015 0.014 0.014 0.014 0.014 0.014 0.003 0.003 0.003 0.005
  76 24 2018 0.066 0.057 0.043 0.043 0.043 0.015 0.015 0.015 0.015 0.015 0.014 0.014 0.014 0.003 0.003 0.003 0.005
  77 24 2018 0.060 0.057 0.042 0.042 0.042 0.015 0.015 0.015 0.015 0.015 0.015 0.014 0.014 0.003 0.003 0.003 0.005
  78 24 2018 0.051 0.052 0.040 0.040 0.041 0.015 0.015 0.015 0.015 0.015 0.015 0.015 0.015 0.003 0.003 0.004 0.005
  79 24 2018 0.047 0.048 0.037 0.038 0.038 0.014 0.014 0.014 0.014 0.014 0.015 0.015 0.015 0.003 0.003 0.004 0.005
  80 24 2018 0.058 0.051 0.037 0.037 0.037 0.013 0.013 0.014 0.014 0.014 0.014 0.014 0.015 0.003 0.004 0.004 0.005
  81 24 2018 0.078 0.056 0.040 0.040 0.039 0.014 0.014 0.014 0.014 0.014 0.014 0.014 0.015 0.003 0.004 0.004 0.005
  82 24 2018 0.106 0.068 0.046 0.044 0.042 0.015 0.014 0.014 0.014 0.014 0.014 0.014 0.015 0.003 0.004 0.004 0.005
  83 24 2018 0.094 0.063 0.046 0.044 0.044 0.015 0.015 0.015 0.015 0.015 0.015 0.015 0.015 0.003 0.004 0.004 0.005
  84 24 2018 0.100 0.066 0.047 0.045 0.044 0.015 0.015 0.015 0.015 0.015 0.015 0.015 0.015 0.003 0.004 0.004 0.005
  85 24 2018 0.069 0.064 0.047 0.046 0.045 0.016 0.016 0.015 0.015 0.015 0.015 0.015 0.015 0.004 0.004 0.004 0.005
  86 24 2018 0.053 0.055 0.042 0.043 0.044 0.016 0.016 0.016 0.015 0.015 0.015 0.015 0.015 0.004 0.004 0.004 0.005
  87 24 2018 0.051 0.052 0.040 0.040 0.041 0.015 0.015 0.015 0.015 0.015 0.015 0.015 0.016 0.004 0.004 0.004 0.005
  88 24 2018 0.049 0.050 0.038 0.039 0.040 0.014 0.014 0.015 0.015 0.015 0.015 0.015 0.016 0.004 0.004 0.004 0.005
  89 24 2018 0.054 0.051 0.038 0.039 0.039 0.014 0.014 0.014 0.014 0.015 0.015 0.015 0.015 0.004 0.004 0.004 0.005
  90 24 2018 0.064 0.056 0.041 0.041 0.040 0.014 0.014 0.014 0.014 0.015 0.015 0.015 0.015 0.004 0.004 0.004 0.005
  91 24 2018 0.070 0.059 0.044 0.043 0.042 0.015 0.015 0.015 0.015 0.015 0.015 0.015 0.015 0.004 0.004 0.004 0.005
  92 24 2018 0.092 0.067 0.046 0.045 0.044 0.015 0.015 0.015 0.015 0.015 0.015 0.015 0.015 0.004 0.004 0.004 0.005
  93 24 2018 0.069 0.053 0.040 0.041 0.042 0.015 0.015 0.015 0.015 0.015 0.015 0.015 0.015 0.004 0.004 0.004 0.005
  94 24 2018 0.086 0.071 0.041 0.039 0.040 0.014 0.014 0.015 0.015 0.015 0.015 0.015 0.016 0.004 0.004 0.004 0.005
  95 24 2018 0.105 0.098 0.049 0.045 0.044 0.015 0.015 0.015 0.015 0.015 0.015 0.015 0.016 0.004 0.004 0.004 0.005
  96 24 2018 0.068 0.103 0.056 0.050 0.048 0.016 0.016 0.016 0.016 0.016 0.016 0.017 0.027 0.007 0.006 0.004 0.005
  97 24 2018 0.073 0.075 0.053 0.051 0.049 0.017 0.017 0.017 0.017 0.017 0.017 0.018 0.022 0.005 0.005 0.005 0.005
  98 24 2018 0.083 0.079 0.055 0.052 0.051 0.018 0.018 0.018 0.018 0.018 0.018 0.019 0.020 0.005 0.005 0.005 0.005
  99 24 2018 0.069 0.069 0.052 0.052 0.051 0.018 0.018 0.018 0.018 0.018 0.018 0.019 0.020 0.005 0.005 0.005 0.005
 100 24 2018 0.070 0.064 0.048 0.049 0.049 0.018 0.018 0.018 0.018 0.019 0.019 0.019 0.020 0.005 0.005 0.005 0.005
 101 24 2018 0.099 0.070 0.051 0.050 0.050 0.018 0.018 0.018 0.018 0.018 0.019 0.019 0.020 0.005 0.005 0.005 0.005
 102 24 2018 0.102 0.109 0.075 0.055 0.053 0.019 0.019 0.019 0.019 0.019 0.019 0.019 0.020 0.005 0.005 0.005 0.005
 103 24 2018 0.067 0.072 0.068 0.059 0.056 0.020 0.019 0.019 0.019 0.019 0.019 0.019 0.020 0.005 0.005 0.005 0.005
 104 24 2018 0.090 0.097 0.049 0.047 0.048 0.018 0.018 0.019 0.019 0.019 0.019 0.020 0.020 0.005 0.005 0.005 0.005
 105 24 2018 0.110 0.120 0.083 0.070 0.054 0.019 0.019 0.019 0.019 0.019 0.019 0.020 0.020 0.005 0.005 0.005 0.005
 106 24 2018 0.121 0.141 0.099 0.102 0.061 0.021 0.020 0.019 0.019 0.019 0.019 0.020 0.020 0.005 0.005 0.005 0.005
 107 24 2018 0.100 0.138 0.098 0.105 0.065 0.022 0.021 0.020 0.020 0.020 0.020 0.020 0.021 0.005 0.005 0.005 0.005
 108 24 2018 0.092 0.107 0.077 0.090 0.067 0.023 0.022 0.021 0.020 0.020 0.020 0.020 0.021 0.005 0.005 0.005 0.005
 109 24 2018 0.111 0.120 0.081 0.095 0.068 0.023 0.022 0.021 0.021 0.021 0.021 0.021 0.021 0.005 0.005 0.005 0.005
 110 24 2018 0.103 0.139 0.087 0.101 0.070 0.024 0.023 0.022 0.021 0.021 0.021 0.021 0.021 0.005 0.005 0.005 0.005
 111 24 2018 0.069 0.116 0.084 0.091 0.071 0.024 0.023 0.022 0.022 0.021 0.021 0.021 0.022 0.005 0.005 0.005 0.005
 112 24 2018 0.090 0.101 0.075 0.084 0.072 0.025 0.023 0.023 0.022 0.022 0.022 0.021 0.022 0.005 0.006 0.005 0.005
 113 24 2018 0.112 0.115 0.087 0.088 0.072 0.025 0.024 0.023 0.022 0.022 0.022 0.022 0.022 0.006 0.006 0.006 0.006
 114 24 2018 0.079 0.142 0.107 0.108 0.073 0.025 0.024 0.023 0.023 0.022 0.022 0.022 0.023 0.007 0.010 0.010 0.010
 115 24 2018 0.079 0.134 0.101 0.102 0.075 0.026 0.024 0.024 0.023 0.023 0.023 0.023 0.024 0.007 0.010 0.010 0.010
 116 24 2018 0.090 0.130 0.088 0.099 0.076 0.026 0.025 0.024 0.023 0.023 0.023 0.023 0.024 0.007 0.010 0.011 0.010
 117 24 2018 0.102 0.119 0.084 0.096 0.076 0.026 0.025 0.024 0.024 0.023 0.023 0.023 0.024 0.007 0.009 0.010 0.010
 118 24 2018 0.100 0.115 0.086 0.087 0.081 0.027 0.025 0.025 0.024 0.024 0.024 0.024 0.025 0.007 0.009 0.009 0.009
 119 24 2018 0.112 0.112 0.085 0.085 0.085 0.031 0.028 0.025 0.024 0.024 0.024 0.024 0.025 0.007 0.009 0.009 0.009
 120 24 2018 0.102 0.102 0.077 0.077 0.077 0.029 0.029 0.029 0.026 0.025 0.024 0.024 0.025 0.007 0.008 0.008 0.008
 121 24 2018 0.102 0.101 0.076 0.076 0.076 0.028 0.029 0.029 0.029 0.026 0.025 0.025 0.025 0.007 0.008 0.008 0.008
 122 24 2018 0.108 0.107 0.081 0.081 0.081 0.030 0.030 0.030 0.031 0.030 0.026 0.025 0.026 0.007 0.008 0.008 0.008
 123 24 2018 0.120 0.116 0.087 0.087 0.087 0.033 0.033 0.033 0.033 0.033 0.027 0.026 0.026 0.007 0.008 0.008 0.008
 124 24 2018 0.125 0.132 0.098 0.098 0.098 0.037 0.038 0.038 0.038 0.038 0.029 0.026 0.026 0.007 0.008 0.008 0.008
 125 24 2018 0.120 0.146 0.109 0.110 0.111 0.045 0.045 0.045 0.045 0.042 0.030 0.027 0.027 0.007 0.008 0.009 0.009
 126 24 2018 0.102 0.145 0.101 0.104 0.110 0.044 0.044 0.045 0.045 0.042 0.031 0.027 0.027 0.007 0.009 0.011 0.011
 127 24 2018 0.115 0.141 0.099 0.090 0.095 0.043 0.043 0.043 0.044 0.040 0.032 0.028 0.027 0.007 0.009 0.012 0.012
 128 24 2018 0.129 0.131 0.099 0.092 0.092 0.038 0.034 0.037 0.035 0.037 0.032 0.028 0.028 0.007 0.009 0.010 0.010
 129 24 2018 0.117 0.118 0.089 0.089 0.089 0.034 0.033 0.034 0.033 0.034 0.032 0.029 0.028 0.008 0.009 0.009 0.009
 130 24 2018 0.105 0.105 0.079 0.080 0.080 0.030 0.030 0.031 0.031 0.031 0.031 0.029 0.029 0.008 0.009 0.009 0.009
 131 24 2018 0.099 0.099 0.074 0.075 0.075 0.028 0.028 0.029 0.029 0.029 0.030 0.029 0.029 0.008 0.009 0.009 0.009
 132 24 2018 0.104 0.102 0.077 0.077 0.077 0.029 0.029 0.029 0.029 0.030 0.030 0.030 0.029 0.008 0.008 0.008 0.008
 133 24 2018 0.125 0.119 0.090 0.090 0.090 0.034 0.034 0.034 0.034 0.034 0.034 0.035 0.030 0.008 0.008 0.008 0.008
 134 24 2018 0.130 0.130 0.098 0.098 0.099 0.038 0.038 0.038 0.038 0.038 0.039 0.039 0.038 0.008 0.008 0.008 0.008
 135 24 2018 0.131 0.131 0.099 0.099 0.100 0.038 0.038 0.039 0.039 0.039 0.039 0.040 0.040 0.009 0.009 0.008 0.008
 136 24 2018 0.121 0.121 0.091 0.092 0.092 0.035 0.035 0.035 0.036 0.036 0.036 0.036 0.037 0.010 0.010 0.010 0.010
 137 24 2018 0.107 0.108 0.081 0.081 0.082 0.031 0.031 0.031 0.032 0.032 0.032 0.033 0.033 0.009 0.009 0.009 0.009
 138 24 2018 0.102 0.101 0.076 0.076 0.076 0.028 0.029 0.029 0.029 0.029 0.029 0.030 0.030 0.008 0.008 0.008 0.008
 139 24 2018 0.126 0.116 0.087 0.088 0.088 0.033 0.033 0.033 0.033 0.032 0.032 0.032 0.032 0.008 0.008 0.008 0.008
 140 24 2018 0.131 0.130 0.097 0.097 0.097 0.037 0.037 0.037 0.037 0.037 0.037 0.038 0.038 0.010 0.010 0.010 0.010
 141 24 2018 0.127 0.127 0.096 0.096 0.096 0.037 0.037 0.037 0.037 0.038 0.038 0.038 0.039 0.010 0.010 0.010 0.010
 142 24 2018 0.119 0.118 0.089 0.089 0.089 0.034 0.034 0.034 0.034 0.035 0.035 0.035 0.035 0.009 0.009 0.009 0.009
 143 24 2018 0.110 0.110 0.083 0.083 0.083 0.031 0.031 0.032 0.032 0.032 0.032 0.032 0.033 0.008 0.008 0.009 0.009
 144 24 2018 0.095 0.096 0.072 0.072 0.073 0.027 0.028 0.028 0.029 0.029 0.029 0.030 0.030 0.008 0.008 0.008 0.008
 145 24 2018 0.075 0.076 0.058 0.060 0.061 0.023 0.024 0.025 0.025 0.026 0.026 0.027 0.027 0.007 0.007 0.007 0.007
 146 24 2018 0.045 0.058 0.046 0.049 0.051 0.019 0.021 0.022 0.023 0.024 0.024 0.025 0.025 0.006 0.007 0.007 0.007
 147 24 2018 0.029 0.051 0.040 0.044 0.046 0.018 0.020 0.021 0.022 0.022 0.023 0.023 0.024 0.006 0.006 0.007 0.007
 148 24 2018 0.040 0.050 0.040 0.043 0.044 0.017 0.019 0.020 0.021 0.021 0.022 0.022 0.023 0.006 0.006 0.006 0.006
 149 24 2018 0.039 0.050 0.039 0.042 0.043 0.017 0.019 0.020 0.020 0.021 0.021 0.022 0.022 0.006 0.006 0.006 0.006
 150 24 2018 0.028 0.047 0.038 0.041 0.042 0.016 0.018 0.019 0.020 0.020 0.021 0.021 0.022 0.005 0.006 0.006 0.006
 151 24 2018 0.025 0.044 0.036 0.040 0.041 0.016 0.018 0.019 0.019 0.020 0.020 0.021 0.021 0.005 0.006 0.006 0.006
 152 24 2018 0.024 0.041 0.036 0.039 0.041 0.015 0.017 0.018 0.019 0.020 0.020 0.020 0.021 0.005 0.006 0.006 0.006
 153 24 2018 0.024 0.039 0.035 0.038 0.040 0.015 0.017 0.018 0.019 0.019 0.020 0.020 0.020 0.005 0.005 0.006 0.006
 154 24 2018 0.025 0.038 0.035 0.038 0.039 0.015 0.017 0.018 0.018 0.019 0.019 0.020 0.020 0.005 0.005 0.006 0.006
 155 24 2018 0.024 0.038 0.034 0.037 0.039 0.015 0.017 0.018 0.018 0.019 0.019 0.020 0.020 0.005 0.005 0.006 0.006
 156 24 2018 0.024 0.035 0.034 0.037 0.038 0.015 0.016 0.017 0.018 0.018 0.019 0.019 0.020 0.005 0.005 0.005 0.005
 157 24 2018 0.024 0.034 0.034 0.037 0.038 0.014 0.016 0.017 0.018 0.018 0.019 0.019 0.019 0.005 0.005 0.005 0.005
 158 24 2018 0.024 0.033 0.034 0.036 0.038 0.014 0.016 0.017 0.018 0.018 0.018 0.019 0.019 0.005 0.005 0.005 0.005
 159 24 2018 0.023 0.033 0.033 0.036 0.037 0.014 0.016 0.017 0.018 0.018 0.018 0.019 0.019 0.005 0.005 0.005 0.005
 160 24 2018 0.023 0.031 0.033 0.036 0.037 0.014 0.016 0.017 0.017 0.018 0.018 0.019 0.019 0.005 0.005 0.005 0.005
 161 24 2018 0.023 0.030 0.033 0.035 0.037 0.014 0.016 0.017 0.017 0.018 0.018 0.018 0.019 0.005 0.005 0.005 0.005
 162 24 2018 0.023 0.029 0.032 0.035 0.037 0.014 0.016 0.017 0.017 0.018 0.018 0.018 0.019 0.005 0.005 0.005 0.005
 163 24 2018 0.023 0.028 0.031 0.035 0.036 0.014 0.015 0.016 0.017 0.017 0.018 0.018 0.019 0.005 0.005 0.005 0.005
 164 24 2018 0.024 0.028 0.031 0.034 0.036 0.014 0.015 0.016 0.017 0.017 0.018 0.018 0.018 0.005 0.005 0.005 0.005
 165 24 2018 0.024 0.028 0.030 0.034 0.036 0.014 0.015 0.016 0.017 0.017 0.018 0.018 0.018 0.005 0.005 0.005 0.005
 166 24 2018 0.027 0.028 0.030 0.034 0.035 0.013 0.015 0.016 0.017 0.017 0.017 0.018 0.018 0.004 0.005 0.005 0.005
 167 24 2018 0.044 0.031 0.030 0.033 0.035 0.013 0.015 0.016 0.017 0.017 0.017 0.018 0.018 0.004 0.005 0.005 0.005
 168 24 2018 0.131 0.098 0.068 0.066 0.065 0.024 0.023 0.022 0.022 0.021 0.020 0.019 0.019 0.004 0.005 0.005 0.005
 169 24 2018 0.117 0.117 0.088 0.088 0.088 0.033 0.033 0.033 0.033 0.033 0.033 0.033 0.033 0.008 0.007 0.006 0.006
 170 24 2018 0.116 0.114 0.086 0.086 0.086 0.032 0.032 0.032 0.032 0.032 0.032 0.033 0.033 0.008 0.008 0.008 0.008
 171 24 2018 0.109 0.109 0.082 0.082 0.083 0.031 0.031 0.031 0.031 0.032 0.032 0.032 0.032 0.008 0.008 0.008 0.008
 172 24 2018 0.095 0.095 0.072 0.072 0.073 0.027 0.028 0.028 0.029 0.029 0.029 0.030 0.030 0.008 0.008 0.008 0.008
 173 24 2018 0.064 0.073 0.057 0.059 0.060 0.023 0.024 0.025 0.025 0.026 0.026 0.027 0.027 0.007 0.007 0.007 0.007
 174 24 2018 0.040 0.054 0.043 0.047 0.049 0.019 0.021 0.022 0.023 0.024 0.024 0.025 0.025 0.006 0.007 0.007 0.007
 175 24 2018 0.060 0.057 0.044 0.045 0.046 0.018 0.020 0.021 0.022 0.022 0.023 0.023 0.024 0.006 0.006 0.007 0.007
 176 24 2018 0.040 0.055 0.042 0.045 0.046 0.018 0.019 0.020 0.021 0.021 0.022 0.022 0.023 0.006 0.006 0.006 0.006
 177 24 2018 0.025 0.047 0.038 0.042 0.043 0.017 0.019 0.020 0.020 0.021 0.021 0.022 0.022 0.006 0.006 0.006 0.006
 178 24 2018 0.025 0.042 0.036 0.040 0.042 0.016 0.018 0.019 0.020 0.020 0.021 0.021 0.022 0.005 0.006 0.006 0.006
 179 24 2018 0.024 0.040 0.035 0.039 0.041 0.016 0.018 0.019 0.019 0.020 0.020 0.021 0.021 0.005 0.006 0.006 0.006
 180 24 2018 0.024 0.037 0.035 0.038 0.040 0.015 0.017 0.018 0.019 0.020 0.020 0.020 0.021 0.005 0.006 0.006 0.006
 181 24 2018 0.031 0.038 0.035 0.038 0.039 0.015 0.017 0.018 0.019 0.019 0.020 0.020 0.020 0.005 0.005 0.006 0.006
 182 24 2018 0.028 0.039 0.035 0.037 0.039 0.015 0.017 0.018 0.018 0.019 0.019 0.020 0.020 0.005 0.005 0.006 0.006
 183 24 2018 0.024 0.037 0.034 0.037 0.039 0.015 0.017 0.018 0.018 0.019 0.019 0.020 0.020 0.005 0.005 0.006 0.006
 184 24 2018 0.024 0.035 0.034 0.037 0.038 0.015 0.016 0.017 0.018 0.018 0.019 0.019 0.020 0.005 0.005 0.005 0.005
 185 24 2018 0.025 0.035 0.034 0.036 0.038 0.014 0.016 0.017 0.018 0.018 0.019 0.019 0.019 0.005 0.005 0.005 0.005
 186 24 2018 0.027 0.035 0.033 0.036 0.038 0.014 0.016 0.017 0.018 0.018 0.018 0.019 0.019 0.005 0.005 0.005 0.005
 187 24 2018 0.026 0.035 0.033 0.036 0.037 0.014 0.016 0.017 0.017 0.018 0.018 0.019 0.019 0.005 0.005 0.005 0.005
 188 24 2018 0.065 0.050 0.036 0.036 0.037 0.014 0.016 0.017 0.017 0.018 0.018 0.019 0.019 0.005 0.005 0.005 0.005
 189 24 2018 0.040 0.053 0.040 0.041 0.040 0.014 0.016 0.017 0.017 0.018 0.018 0.018 0.019 0.005 0.005 0.005 0.005
 190 24 2018 0.027 0.044 0.036 0.039 0.040 0.015 0.016 0.016 0.017 0.017 0.018 0.018 0.019 0.005 0.005 0.005 0.005
 191 24 2018 0.025 0.039 0.035 0.037 0.039 0.014 0.016 0.016 0.017 0.017 0.018 0.018 0.018 0.005 0.005 0.005 0.005
 192 24 2018 0.025 0.036 0.034 0.036 0.038 0.014 0.016 0.016 0.017 0.017 0.018 0.018 0.018 0.005 0.005 0.005 0.005
 193 24 2018 0.041 0.036 0.033 0.036 0.037 0.014 0.015 0.016 0.017 0.017 0.018 0.018 0.018 0.004 0.005 0.005 0.005
 194 24 2018 0.045 0.043 0.034 0.035 0.037 0.014 0.015 0.016 0.017 0.017 0.017 0.018 0.018 0.004 0.005 0.005 0.005
 195 24 2018 0.032 0.043 0.034 0.035 0.036 0.014 0.015 0.016 0.017 0.017 0.017 0.018 0.018 0.004 0.005 0.005 0.005
 196 24 2018 0.081 0.068 0.047 0.045 0.043 0.015 0.015 0.016 0.016 0.017 0.017 0.018 0.018 0.004 0.005 0.005 0.005
 197 24 2018 0.080 0.079 0.059 0.059 0.059 0.021 0.020 0.019 0.018 0.018 0.017 0.018 0.018 0.004 0.005 0.005 0.005
 198 24 2018 0.057 0.063 0.049 0.051 0.052 0.019 0.019 0.019 0.019 0.019 0.018 0.018 0.018 0.004 0.005 0.005 0.005
 199 24 2018 0.034 0.050 0.039 0.043 0.044 0.016 0.018 0.018 0.018 0.018 0.018 0.018 0.018 0.004 0.005 0.005 0.005
 200 24 2018 0.025 0.044 0.036 0.040 0.041 0.015 0.017 0.017 0.018 0.018 0.018 0.018 0.018 0.004 0.005 0.005 0.005
 201 24 2018 0.025 0.040 0.035 0.038 0.040 0.015 0.016 0.017 0.017 0.018 0.018 0.018 0.018 0.004 0.005 0.005 0.005
 202 24 2018 0.030 0.039 0.035 0.037 0.038 0.014 0.016 0.017 0.017 0.018 0.018 0.018 0.018 0.004 0.005 0.005 0.005
 203 24 2018 0.085 0.070 0.050 0.047 0.046 0.016 0.016 0.017 0.017 0.017 0.018 0.018 0.018 0.004 0.005 0.005 0.005
 204 24 2018 0.111 0.099 0.074 0.074 0.074 0.027 0.026 0.024 0.023 0.021 0.020 0.019 0.018 0.004 0.005 0.005 0.005
 205 24 2018 0.103 0.103 0.077 0.077 0.077 0.029 0.029 0.028 0.028 0.028 0.028 0.027 0.026 0.006 0.005 0.005 0.005
 206 24 2018 0.095 0.093 0.070 0.070 0.070 0.026 0.026 0.026 0.027 0.027 0.027 0.027 0.027 0.007 0.006 0.005 0.005
 207 24 2018 0.090 0.089 0.067 0.067 0.068 0.025 0.025 0.025 0.026 0.026 0.026 0.026 0.026 0.006 0.006 0.006 0.006
 208 24 2018 0.077 0.077 0.059 0.059 0.060 0.022 0.023 0.024 0.024 0.024 0.025 0.025 0.025 0.006 0.006 0.006 0.006
 209 24 2018 0.059 0.062 0.048 0.051 0.052 0.019 0.021 0.022 0.022 0.023 0.023 0.023 0.024 0.006 0.006 0.006 0.006
 210 24 2018 0.037 0.052 0.041 0.044 0.046 0.018 0.019 0.020 0.021 0.022 0.022 0.022 0.023 0.006 0.006 0.006 0.006
 211 24 2018 0.029 0.048 0.039 0.042 0.043 0.017 0.019 0.020 0.020 0.021 0.021 0.022 0.022 0.005 0.006 0.006 0.006
 212 24 2018 0.027 0.046 0.037 0.040 0.042 0.016 0.018 0.019 0.020 0.020 0.021 0.021 0.021 0.005 0.006 0.006 0.006
 213 24 2018 0.028 0.044 0.037 0.039 0.041 0.016 0.018 0.019 0.019 0.020 0.020 0.021 0.021 0.005 0.005 0.006 0.006
 214 24 2018 0.026 0.043 0.036 0.039 0.040 0.015 0.017 0.018 0.019 0.019 0.020 0.020 0.021 0.005 0.005 0.006 0.006
 215 24 2018 0.051 0.046 0.036 0.038 0.040 0.015 0.017 0.018 0.019 0.019 0.019 0.020 0.020 0.005 0.005 0.006 0.006
 216 24 2018 0.036 0.049 0.037 0.039 0.040 0.015 0.017 0.018 0.018 0.019 0.019 0.020 0.020 0.005 0.005 0.005 0.005
 217 24 2018 0.038 0.046 0.037 0.038 0.039 0.015 0.016 0.017 0.018 0.018 0.019 0.019 0.020 0.005 0.005 0.005 0.005
 218 24 2018 0.034 0.046 0.036 0.038 0.039 0.015 0.016 0.017 0.018 0.018 0.019 0.019 0.019 0.005 0.005 0.005 0.005
 219 24 2018 0.028 0.044 0.035 0.037 0.039 0.015 0.016 0.017 0.018 0.018 0.018 0.019 0.019 0.005 0.005 0.005 0.005
 220 24 2018 0.033 0.043 0.035 0.037 0.038 0.014 0.016 0.017 0.017 0.018 0.018 0.019 0.019 0.005 0.005 0.005 0.005
 221 24 2018 0.029 0.042 0.035 0.037 0.038 0.014 0.016 0.017 0.017 0.018 0.018 0.019 0.019 0.005 0.005 0.005 0.005
 222 24 2018 0.026 0.040 0.034 0.036 0.038 0.014 0.016 0.017 0.017 0.018 0.018 0.018 0.019 0.005 0.005 0.005 0.005
 223 24 2018 0.025 0.038 0.034 0.036 0.037 0.014 0.016 0.016 0.017 0.017 0.018 0.018 0.019 0.005 0.005 0.005 0.005
 224 24 2018 0.024 0.035 0.033 0.036 0.037 0.014 0.015 0.016 0.017 0.017 0.018 0.018 0.018 0.005 0.005 0.005 0.005
 225 24 2018 0.024 0.033 0.033 0.035 0.037 0.014 0.015 0.016 0.017 0.017 0.018 0.018 0.018 0.004 0.005 0.005 0.005
 226 24 2018 0.027 0.033 0.032 0.035 0.036 0.014 0.015 0.016 0.017 0.017 0.017 0.018 0.018 0.004 0.005 0.005 0.005
 227 24 2018 0.026 0.033 0.032 0.034 0.036 0.013 0.015 0.016 0.017 0.017 0.017 0.018 0.018 0.004 0.005 0.005 0.005
 228 24 2018 0.024 0.032 0.032 0.034 0.036 0.013 0.015 0.016 0.016 0.017 0.017 0.018 0.018 0.004 0.005 0.005 0.005
 229 24 2018 0.025 0.032 0.031 0.034 0.035 0.013 0.015 0.016 0.016 0.017 0.017 0.018 0.018 0.004 0.005 0.005 0.005
 230 24 2018 0.031 0.033 0.031 0.033 0.035 0.013 0.015 0.016 0.016 0.017 0.017 0.017 0.018 0.004 0.005 0.005 0.005
 231 24 2018 0.028 0.033 0.031 0.033 0.034 0.013 0.015 0.016 0.016 0.017 0.017 0.017 0.018 0.004 0.005 0.005 0.005
 232 24 2018 0.026 0.033 0.031 0.033 0.034 0.013 0.015 0.015 0.016 0.016 0.017 0.017 0.018 0.004 0.005 0.005 0.005
 233 24 2018 0.057 0.041 0.031 0.033 0.034 0.013 0.014 0.015 0.016 0.016 0.017 0.017 0.017 0.004 0.005 0.005 0.005
 234 24 2018 0.040 0.050 0.036 0.034 0.034 0.013 0.014 0.015 0.016 0.016 0.017 0.017 0.017 0.004 0.005 0.005 0.005
 235 24 2018 0.027 0.044 0.034 0.035 0.035 0.013 0.014 0.015 0.016 0.016 0.016 0.017 0.017 0.004 0.005 0.005 0.005
 236 24 2018 0.026 0.040 0.033 0.035 0.035 0.013 0.014 0.015 0.016 0.016 0.016 0.017 0.017 0.004 0.005 0.005 0.005
 237 24 2018 0.031 0.038 0.033 0.034 0.035 0.013 0.014 0.015 0.016 0.016 0.016 0.017 0.017 0.004 0.005 0.005 0.005
 238 24 2018 0.028 0.037 0.032 0.034 0.035 0.013 0.014 0.015 0.016 0.016 0.016 0.017 0.017 0.004 0.004 0.005 0.005
 239 24 2018 0.042 0.038 0.032 0.034 0.035 0.013 0.014 0.015 0.016 0.016 0.016 0.017 0.017 0.004 0.004 0.005 0.005
 240 24 2018 0.034 0.042 0.032 0.034 0.035 0.013 0.014 0.015 0.015 0.016 0.016 0.017 0.017 0.004 0.004 0.005 0.005
 241 24 2018 0.025 0.039 0.032 0.034 0.034 0.013 0.014 0.015 0.015 0.016 0.016 0.017 0.017 0.004 0.004 0.005 0.005
 242 24 2018 0.024 0.036 0.032 0.033 0.034 0.013 0.014 0.015 0.015 0.016 0.016 0.016 0.017 0.004 0.004 0.005 0.005
 243 24 2018 0.024 0.034 0.031 0.033 0.034 0.013 0.014 0.015 0.015 0.016 0.016 0.016 0.017 0.004 0.004 0.005 0.005
 244 24 2018 0.025 0.033 0.031 0.033 0.034 0.013 0.014 0.015 0.015 0.016 0.016 0.016 0.017 0.004 0.004 0.005 0.005
 245 24 2018 0.025 0.033 0.030 0.032 0.034 0.012 0.014 0.015 0.015 0.016 0.016 0.016 0.017 0.004 0.004 0.005 0.005
 246 24 2018 0.025 0.032 0.030 0.032 0.033 0.012 0.014 0.015 0.015 0.015 0.016 0.016 0.017 0.004 0.004 0.005 0.005
 247 24 2018 0.025 0.032 0.029 0.032 0.033 0.012 0.014 0.014 0.015 0.015 0.016 0.016 0.016 0.004 0.004 0.004 0.004
 248 24 2018 0.064 0.047 0.032 0.032 0.033 0.012 0.014 0.014 0.015 0.015 0.016 0.016 0.016 0.004 0.004 0.004 0.004
 249 24 2018 0.062 0.060 0.043 0.039 0.036 0.012 0.014 0.014 0.015 0.015 0.016 0.016 0.016 0.004 0.004 0.004 0.004
 250 24 2018 0.057 0.057 0.042 0.042 0.041 0.014 0.014 0.014 0.015 0.015 0.016 0.016 0.016 0.004 0.004 0.004 0.004
 251 24 2018 0.046 0.055 0.042 0.042 0.042 0.015 0.014 0.015 0.015 0.015 0.015 0.016 0.016 0.004 0.004 0.004 0.004
 252 24 2018 0.034 0.049 0.038 0.040 0.040 0.014 0.015 0.015 0.015 0.015 0.015 0.016 0.016 0.004 0.004 0.004 0.004
 253 24 2018 0.026 0.045 0.036 0.038 0.039 0.014 0.014 0.015 0.015 0.015 0.015 0.016 0.016 0.004 0.004 0.004 0.004
 254 24 2018 0.025 0.042 0.035 0.037 0.038 0.014 0.014 0.015 0.015 0.015 0.015 0.016 0.016 0.004 0.004 0.004 0.004
 255 24 2018 0.024 0.040 0.034 0.036 0.037 0.013 0.014 0.015 0.015 0.015 0.015 0.016 0.016 0.004 0.004 0.004 0.004
 256 24 2018 0.024 0.037 0.033 0.035 0.036 0.013 0.014 0.015 0.015 0.015 0.015 0.016 0.016 0.004 0.004 0.004 0.004
 257 24 2018 0.023 0.034 0.032 0.035 0.036 0.013 0.014 0.015 0.015 0.015 0.015 0.016 0.016 0.004 0.004 0.004 0.004
 258 24 2018 0.023 0.033 0.032 0.034 0.035 0.013 0.014 0.014 0.015 0.015 0.015 0.016 0.016 0.004 0.004 0.004 0.004
 259 24 2018 0.024 0.031 0.031 0.033 0.035 0.013 0.014 0.014 0.015 0.015 0.015 0.016 0.016 0.004 0.004 0.004 0.004
 260 24 2018 0.024 0.031 0.031 0.033 0.034 0.013 0.014 0.014 0.015 0.015 0.015 0.016 0.016 0.004 0.004 0.004 0.004
 261 24 2018 0.024 0.030 0.030 0.033 0.034 0.012 0.014 0.014 0.015 0.015 0.015 0.016 0.016 0.004 0.004 0.004 0.004
 262 24 2018 0.036 0.031 0.030 0.032 0.033 0.012 0.014 0.014 0.015 0.015 0.015 0.016 0.016 0.004 0.004 0.004 0.004
 263 24 2018 0.032 0.034 0.029 0.032 0.033 0.012 0.013 0.014 0.015 0.015 0.015 0.016 0.016 0.004 0.004 0.004 0.004
 264 24 2018 0.024 0.033 0.029 0.031 0.033 0.012 0.013 0.014 0.015 0.015 0.015 0.016 0.016 0.004 0.004 0.004 0.004
 265 24 2018 0.023 0.032 0.029 0.031 0.032 0.012 0.013 0.014 0.014 0.015 0.015 0.015 0.016 0.004 0.004 0.004 0.004
 266 24 2018 0.023 0.031 0.029 0.031 0.032 0.012 0.013 0.014 0.014 0.015 0.015 0.015 0.016 0.004 0.004 0.004 0.004
 267 24 2018 0.043 0.032 0.028 0.031 0.032 0.012 0.013 0.014 0.014 0.015 0.015 0.015 0.016 0.004 0.004 0.004 0.004
 268 24 2018 0.034 0.037 0.029 0.031 0.032 0.012 0.013 0.014 0.014 0.015 0.015 0.015 0.016 0.004 0.004 0.004 0.004
 269 24 2018 0.024 0.036 0.029 0.031 0.032 0.012 0.013 0.014 0.014 0.015 0.015 0.015 0.016 0.004 0.004 0.004 0.004
 270 24 2018 0.024 0.034 0.029 0.031 0.031 0.012 0.013 0.014 0.014 0.015 0.015 0.015 0.015 0.004 0.004 0.004 0.004
 271 24 2018 0.024 0.033 0.029 0.030 0.031 0.012 0.013 0.014 0.014 0.015 0.015 0.015 0.015 0.004 0.004 0.004 0.004
 272 24 2018 0.024 0.032 0.028 0.030 0.031 0.012 0.013 0.014 0.014 0.014 0.015 0.015 0.015 0.004 0.004 0.004 0.004
 273 24 2018 0.023 0.030 0.028 0.030 0.031 0.012 0.013 0.014 0.014 0.014 0.015 0.015 0.015 0.004 0.004 0.004 0.004
 274 24 2018 0.025 0.030 0.028 0.030 0.031 0.011 0.013 0.014 0.014 0.014 0.015 0.015 0.015 0.004 0.004 0.004 0.004
 275 24 2018 0.027 0.030 0.027 0.030 0.031 0.011 0.013 0.013 0.014 0.014 0.015 0.015 0.015 0.004 0.004 0.004 0.004
 276 24 2018 0.026 0.030 0.027 0.029 0.031 0.011 0.013 0.013 0.014 0.014 0.015 0.015 0.015 0.004 0.004 0.004 0.004
 277 24 2018 0.049 0.033 0.027 0.029 0.031 0.011 0.013 0.013 0.014 0.014 0.015 0.015 0.015 0.004 0.004 0.004 0.004
 278 24 2018 0.043 0.042 0.028 0.029 0.030 0.011 0.013 0.013 0.014 0.014 0.015 0.015 0.015 0.004 0.004 0.004 0.004
 279 24 2018 0.053 0.046 0.030 0.030 0.030 0.011 0.013 0.013 0.014 0.014 0.014 0.015 0.015 0.004 0.004 0.004 0.004
 280 24 2018 0.055 0.052 0.035 0.032 0.031 0.011 0.012 0.013 0.014 0.014 0.014 0.015 0.015 0.004 0.004 0.004 0.004
 281 24 2018 0.050 0.050 0.036 0.034 0.032 0.011 0.012 0.013 0.014 0.014 0.014 0.015 0.015 0.004 0.004 0.004 0.004
 282 24 2018 0.046 0.048 0.036 0.035 0.034 0.012 0.012 0.013 0.014 0.014 0.014 0.015 0.015 0.004 0.004 0.004 0.004
 283 24 2018 0.045 0.046 0.035 0.035 0.034 0.012 0.012 0.013 0.014 0.014 0.014 0.015 0.015 0.004 0.004 0.004 0.004
 284 24 2018 0.063 0.055 0.039 0.036 0.035 0.012 0.013 0.013 0.014 0.014 0.014 0.015 0.015 0.004 0.004 0.004 0.004
 285 24 2018 0.073 0.070 0.052 0.052 0.051 0.017 0.015 0.013 0.014 0.014 0.014 0.015 0.015 0.004 0.004 0.004 0.004
 286 24 2018 0.073 0.069 0.052 0.052 0.052 0.019 0.017 0.016 0.014 0.014 0.014 0.015 0.015 0.004 0.004 0.004 0.004
 287 24 2018 0.073 0.072 0.054 0.054 0.054 0.019 0.018 0.017 0.016 0.015 0.014 0.015 0.015 0.004 0.004 0.004 0.004
 288 24 2018 0.077 0.076 0.057 0.057 0.057 0.020 0.020 0.019 0.018 0.016 0.015 0.015 0.015 0.004 0.004 0.004 0.004
 289 24 2018 0.077 0.076 0.057 0.057 0.057 0.021 0.020 0.019 0.018 0.018 0.016 0.015 0.015 0.004 0.004 0.004 0.004
 290 24 2018 0.070 0.075 0.056 0.056 0.056 0.020 0.020 0.020 0.019 0.018 0.018 0.016 0.015 0.004 0.004 0.004 0.004
 291 24 2018 0.075 0.076 0.057 0.057 0.057 0.021 0.020 0.020 0.019 0.019 0.018 0.017 0.015 0.004 0.004 0.004 0.004
 292 24 2018 0.081 0.083 0.061 0.061 0.061 0.022 0.021 0.021 0.020 0.019 0.019 0.017 0.016 0.004 0.004 0.004 0.004
 293 24 2018 0.091 0.090 0.066 0.066 0.066 0.024 0.024 0.023 0.022 0.021 0.021 0.018 0.017 0.004 0.004 0.004 0.004
 294 24 2018 0.075 0.084 0.063 0.063 0.064 0.023 0.023 0.023 0.023 0.023 0.022 0.021 0.020 0.004 0.004 0.004 0.004
 295 24 2018 0.076 0.083 0.063 0.063 0.063 0.023 0.023 0.023 0.022 0.022 0.022 0.022 0.021 0.005 0.004 0.004 0.004
 296 24 2018 0.080 0.080 0.060 0.060 0.061 0.022 0.022 0.022 0.022 0.022 0.022 0.022 0.022 0.005 0.004 0.004 0.004
 297 24 2018 0.071 0.072 0.055 0.055 0.056 0.021 0.021 0.021 0.022 0.022 0.022 0.022 0.022 0.005 0.005 0.004 0.004
 298 24 2018 0.062 0.063 0.048 0.049 0.050 0.018 0.020 0.020 0.021 0.021 0.021 0.021 0.021 0.005 0.005 0.004 0.004
 299 24 2018 0.051 0.057 0.044 0.046 0.047 0.017 0.019 0.019 0.020 0.020 0.020 0.021 0.021 0.005 0.005 0.004 0.004
 300 24 2018 0.044 0.052 0.041 0.043 0.044 0.016 0.018 0.019 0.019 0.020 0.020 0.020 0.020 0.005 0.005 0.004 0.004
 301 24 2018 0.035 0.049 0.039 0.041 0.042 0.016 0.017 0.018 0.019 0.019 0.020 0.020 0.020 0.005 0.005 0.004 0.004
 302 24 2018 0.029 0.047 0.037 0.040 0.041 0.015 0.017 0.018 0.018 0.019 0.019 0.020 0.020 0.005 0.005 0.004 0.004
 303 24 2018 0.048 0.048 0.037 0.039 0.040 0.015 0.017 0.017 0.018 0.018 0.019 0.019 0.019 0.005 0.005 0.004 0.004
 304 24 2018 0.050 0.051 0.039 0.039 0.040 0.015 0.016 0.017 0.018 0.018 0.019 0.019 0.019 0.005 0.004 0.004 0.004
 305 24 2018 0.055 0.052 0.039 0.039 0.040 0.015 0.016 0.017 0.018 0.018 0.018 0.019 0.019 0.005 0.004 0.004 0.004
 306 24 2018 0.105 0.087 0.063 0.062 0.060 0.022 0.021 0.020 0.019 0.019 0.019 0.018 0.019 0.004 0.004 0.004 0.004
 307 24 2018 0.117 0.109 0.082 0.082 0.082 0.031 0.030 0.030 0.029 0.028 0.027 0.025 0.024 0.005 0.005 0.004 0.004
 308 24 2018 0.113 0.113 0.084 0.084 0.085 0.032 0.032 0.032 0.032 0.032 0.032 0.031 0.031 0.008 0.007 0.005 0.005
 309 24 2018 0.117 0.115 0.086 0.086 0.086 0.032 0.032 0.032 0.032 0.032 0.032 0.032 0.032 0.008 0.008 0.007 0.007
 310 24 2018 0.093 0.113 0.085 0.085 0.085 0.032 0.032 0.032 0.032 0.032 0.032 0.033 0.033 0.008 0.008 0.008 0.008
 311 24 2018 0.055 0.088 0.078 0.078 0.078 0.029 0.030 0.030 0.030 0.030 0.030 0.031 0.031 0.008 0.008 0.008 0.008
 312 24 2018 0.051 0.058 0.072 0.073 0.073 0.027 0.027 0.028 0.028 0.028 0.028 0.029 0.029 0.007 0.008 0.008 0.008
 313 24 2018 0.049 0.052 0.045 0.064 0.064 0.024 0.025 0.025 0.026 0.026 0.026 0.027 0.027 0.007 0.007 0.007 0.007
 314 24 2018 0.050 0.052 0.042 0.050 0.052 0.020 0.022 0.023 0.023 0.024 0.024 0.025 0.025 0.006 0.007 0.007 0.007
 315 24 2018 0.049 0.051 0.040 0.043 0.049 0.019 0.020 0.021 0.022 0.022 0.023 0.023 0.024 0.006 0.006 0.007 0.007
 316 24 2018 0.051 0.053 0.041 0.044 0.048 0.018 0.019 0.020 0.021 0.022 0.022 0.023 0.023 0.006 0.006 0.006 0.006
 317 24 2018 0.052 0.053 0.041 0.043 0.047 0.018 0.019 0.020 0.020 0.021 0.021 0.022 0.022 0.006 0.006 0.006 0.006
 318 24 2018 0.053 0.054 0.042 0.043 0.046 0.017 0.019 0.019 0.020 0.020 0.021 0.021 0.022 0.005 0.006 0.006 0.006
 319 24 2018 0.051 0.053 0.041 0.043 0.045 0.017 0.018 0.019 0.020 0.020 0.020 0.021 0.021 0.005 0.006 0.006 0.006
 320 24 2018 0.048 0.049 0.038 0.040 0.042 0.016 0.018 0.019 0.019 0.020 0.020 0.021 0.021 0.005 0.006 0.006 0.006
 321 24 2018 0.047 0.048 0.037 0.039 0.040 0.015 0.017 0.018 0.019 0.019 0.020 0.020 0.020 0.005 0.005 0.006 0.006
 322 24 2018 0.047 0.048 0.037 0.038 0.039 0.015 0.016 0.018 0.018 0.019 0.019 0.020 0.020 0.005 0.005 0.006 0.006
 323 24 2018 0.046 0.047 0.036 0.037 0.039 0.014 0.016 0.017 0.018 0.019 0.019 0.020 0.020 0.005 0.005 0.006 0.006
 324 24 2018 0.047 0.047 0.036 0.037 0.038 0.014 0.015 0.016 0.017 0.018 0.019 0.019 0.020 0.005 0.005 0.005 0.005
 325 24 2018 0.047 0.047 0.036 0.037 0.038 0.014 0.015 0.016 0.017 0.018 0.018 0.019 0.019 0.005 0.005 0.005 0.005
 326 24 2018 0.049 0.049 0.037 0.038 0.038 0.014 0.015 0.016 0.017 0.017 0.018 0.019 0.019 0.005 0.005 0.005 0.005
 327 24 2018 0.072 0.057 0.041 0.040 0.040 0.014 0.015 0.016 0.017 0.017 0.018 0.018 0.019 0.005 0.005 0.005 0.005
 328 24 2018 0.086 0.069 0.048 0.047 0.049 0.017 0.017 0.017 0.017 0.017 0.018 0.018 0.019 0.005 0.005 0.005 0.005
 329 24 2018 0.059 0.063 0.050 0.052 0.054 0.020 0.020 0.019 0.019 0.018 0.018 0.018 0.018 0.005 0.005 0.005 0.005
 330 24 2018 0.048 0.051 0.041 0.044 0.048 0.018 0.019 0.019 0.019 0.019 0.019 0.019 0.019 0.005 0.005 0.005 0.005
 331 24 2018 0.047 0.048 0.037 0.039 0.041 0.015 0.017 0.018 0.018 0.019 0.019 0.019 0.019 0.005 0.005 0.005 0.005
 332 24 2018 0.049 0.049 0.037 0.038 0.039 0.014 0.015 0.017 0.017 0.018 0.018 0.019 0.019 0.005 0.005 0.005 0.005
 333 24 2018 0.051 0.051 0.039 0.039 0.040 0.014 0.015 0.016 0.017 0.017 0.018 0.018 0.019 0.005 0.005 0.005 0.005
 334 24 2018 0.048 0.048 0.037 0.038 0.039 0.014 0.015 0.016 0.017 0.017 0.018 0.018 0.018 0.004 0.005 0.005 0.005
 335 24 2018 0.047 0.048 0.037 0.038 0.038 0.014 0.015 0.015 0.016 0.017 0.017 0.018 0.018 0.004 0.005 0.005 0.005
 336 24 2018 0.045 0.046 0.035 0.036 0.037 0.013 0.014 0.015 0.016 0.017 0.017 0.018 0.018 0.004 0.005 0.005 0.005
 337 24 2018 0.044 0.044 0.034 0.035 0.036 0.013 0.014 0.014 0.015 0.016 0.017 0.018 0.018 0.004 0.005 0.005 0.005
 338 24 2018 0.043 0.044 0.033 0.034 0.035 0.013 0.013 0.014 0.015 0.016 0.017 0.017 0.018 0.004 0.005 0.005 0.005
 339 24 2018 0.043 0.043 0.033 0.033 0.034 0.012 0.013 0.013 0.014 0.015 0.016 0.017 0.018 0.004 0.005 0.005 0.005
 340 24 2018 0.046 0.046 0.034 0.034 0.034 0.012 0.013 0.013 0.014 0.014 0.015 0.017 0.017 0.004 0.005 0.005 0.005
 341 24 2018 0.046 0.046 0.035 0.035 0.036 0.013 0.013 0.013 0.014 0.014 0.015 0.016 0.017 0.004 0.005 0.005 0.005
 342 24 2018 0.045 0.046 0.035 0.035 0.036 0.013 0.013 0.013 0.014 0.014 0.015 0.016 0.017 0.004 0.005 0.005 0.005
 343 24 2018 0.045 0.046 0.035 0.035 0.035 0.013 0.013 0.013 0.014 0.014 0.015 0.016 0.017 0.004 0.004 0.005 0.005
 344 24 2018 0.045 0.045 0.034 0.035 0.035 0.012 0.013 0.013 0.014 0.014 0.015 0.016 0.016 0.004 0.004 0.005 0.005
 345 24 2018 0.044 0.045 0.034 0.035 0.035 0.012 0.013 0.013 0.014 0.014 0.015 0.016 0.016 0.004 0.004 0.005 0.005
 346 24 2018 0.044 0.045 0.034 0.034 0.035 0.012 0.013 0.013 0.013 0.014 0.014 0.016 0.016 0.004 0.004 0.005 0.005
 347 24 2018 0.043 0.044 0.033 0.034 0.034 0.012 0.013 0.013 0.013 0.014 0.014 0.016 0.016 0.004 0.004 0.005 0.005
 348 24 2018 0.045 0.045 0.034 0.034 0.034 0.012 0.012 0.013 0.013 0.014 0.014 0.015 0.016 0.004 0.004 0.005 0.005
 349 24 2018 0.046 0.046 0.035 0.035 0.035 0.012 0.013 0.013 0.013 0.013 0.014 0.015 0.016 0.004 0.004 0.005 0.005
 350 24 2018 0.048 0.048 0.036 0.036 0.036 0.013 0.013 0.013 0.013 0.014 0.014 0.015 0.016 0.004 0.004 0.005 0.005
 351 24 2018 0.047 0.047 0.036 0.036 0.036 0.013 0.013 0.013 0.013 0.014 0.014 0.015 0.016 0.004 0.004 0.004 0.004
 352 24 2018 0.047 0.048 0.036 0.036 0.036 0.013 0.013 0.013 0.013 0.014 0.014 0.015 0.015 0.004 0.004 0.004 0.004
 353 24 2018 0.046 0.046 0.035 0.036 0.036 0.013 0.013 0.013 0.014 0.014 0.014 0.015 0.015 0.004 0.004 0.004 0.004
 354 24 2018 0.045 0.045 0.034 0.035 0.035 0.013 0.013 0.013 0.013 0.014 0.014 0.015 0.015 0.004 0.004 0.004 0.004
 355 24 2018 0.046 0.046 0.035 0.035 0.035 0.012 0.013 0.013 0.013 0.014 0.014 0.015 0.015 0.004 0.004 0.004 0.004
 356 24 2018 0.045 0.045 0.034 0.035 0.035 0.012 0.013 0.013 0.013 0.014 0.014 0.015 0.015 0.004 0.004 0.004 0.004
 357 24 2018 0.044 0.044 0.033 0.034 0.034 0.012 0.013 0.013 0.013 0.013 0.014 0.015 0.015 0.004 0.004 0.004 0.004
 358 24 2018 0.044 0.044 0.033 0.034 0.034 0.012 0.012 0.013 0.013 0.013 0.014 0.015 0.015 0.004 0.004 0.004 0.004
 359 24 2018 0.043 0.044 0.033 0.034 0.034 0.012 0.012 0.013 0.013 0.013 0.014 0.014 0.015 0.004 0.004 0.004 0.004
 360 24 2018 0.043 0.043 0.033 0.033 0.034 0.012 0.012 0.012 0.013 0.013 0.013 0.014 0.015 0.004 0.004 0.004 0.004
 361 24 2018 0.042 0.042 0.032 0.033 0.033 0.012 0.012 0.012 0.013 0.013 0.013 0.014 0.015 0.004 0.004 0.004 0.004
 362 24 2018 0.041 0.041 0.032 0.032 0.032 0.011 0.012 0.012 0.012 0.013 0.013 0.014 0.015 0.004 0.004 0.004 0.004
 363 24 2018 0.041 0.041 0.031 0.032 0.032 0.011 0.012 0.012 0.012 0.012 0.013 0.014 0.015 0.004 0.004 0.004 0.004
 364 24 2018 0.042 0.042 0.032 0.032 0.032 0.011 0.011 0.012 0.012 0.012 0.013 0.013 0.014 0.004 0.004 0.004 0.004
