
                                       SUMMARY OF WATER BALANCE

                                                              CHANGE IN STORAGE
                               PRECIP          PLANT   ------------------------------  DEEP                     CUM.
 DAY HR  YR   PRECIP  SNOWMELT INTRCP    ET    TRANSP  CANOPY   SNOW  RESIDUE   SOIL   PERC   RUNOFF   PONDED    ET    ERROR
                 MM      MM      MM      MM      MM      MM      MM      MM      MM      MM      MM      MM      MM      MM
   1 24 2018    0.00    0.00    0.00    1.36    0.96    0.00    0.00    0.00  -11.73   10.23    0.00    0.00     1.4    0.14
   2 24 2018    0.00    0.00    0.00    1.27    1.00   -0.01    0.00    0.00   -2.32    0.76    0.00    0.00     2.6    0.30
   3 24 2018    0.00    0.00    0.00    0.92    0.74    0.00    0.00    0.00   -1.17    0.24    0.00    0.00     3.6    0.00
   4 24 2018    0.00    0.00    0.00    0.71    0.50    0.00    0.00    0.00   -0.80    0.09    0.00    0.00     4.3    0.00
   5 24 2018    0.04    0.03    0.02    0.71    0.53    0.00    0.00    0.00   -0.76    0.07    0.00    0.03     5.0   -0.03
   6 24 2018    1.04    3.32    0.03    0.95    0.33    0.01    0.00    0.00   -0.48    0.06    0.00    0.27     5.9    0.25
   7 24 2018    1.92    1.59    0.00    0.82    0.07   -0.01    1.66    0.00   -0.67    0.04    0.00    0.00     6.7    0.36
   8 24 2018    0.00    0.34    0.00    0.51    0.50    0.00   -0.33    0.00   -0.20    0.02    0.00    0.00     7.3    0.00
   9 24 2018    0.13    0.91    0.05    0.70    0.69    0.00   -1.33    0.00    0.69    0.01    0.00    0.00     8.0    0.00
  10 24 2018    2.96    1.67    0.11    1.25    0.26    0.00    1.80    0.00   -0.25    0.01    0.00    0.00     9.2    0.09
  11 24 2018    2.08    0.00    0.06    0.91    0.00    0.00    1.47    0.00   -0.24    0.00    0.00    0.00    10.1   -0.01
  12 24 2018    3.88    0.00    0.02    1.45    0.00    0.00    2.58    0.00   -0.20    0.00    0.00    0.00    11.6    0.09
  13 24 2018    0.96    0.00    0.00    0.37    0.00    0.00    0.69    0.00   -0.28    0.00    0.00    0.00    11.9    0.19
  14 24 2018    0.04    0.00    0.02    0.08    0.01   -0.01    0.08    0.00   -0.10    0.00    0.00    0.00    12.0   -0.02
  15 24 2018    0.96    0.00    0.00    0.40    0.00    0.00    0.73    0.00   -0.14    0.00    0.00    0.00    12.4    0.00
  16 24 2018    0.00    0.00    0.00    0.02    0.00    0.00    0.07    0.00   -0.82    0.00    0.00    0.00    12.4    0.74
  17 24 2018    0.00    0.00    0.00    0.01    0.01    0.01   -0.01    0.00   -0.15    0.00    0.00    0.00    12.4    0.14
  18 24 2018    0.00    0.09    0.00    0.10    0.07    0.00   -0.20    0.00    0.11    0.00    0.00    0.00    12.5   -0.01
  19 24 2018    0.00    0.45    0.00    0.37    0.36    0.00   -0.48    0.00    0.11    0.00    0.00    0.00    12.9    0.00
  20 24 2018    0.58    0.44    0.21    0.37    0.37    0.01   -0.03    0.00    0.02    0.00    0.00    0.00    13.3    0.00
  21 24 2018   13.42    0.00    2.81    0.81    0.00    0.00   10.09    0.00   -0.08    0.00    0.00    0.00    14.1    0.00
  22 24 2018    0.04    0.00    0.01    2.83    0.00    0.00    0.04    0.00   -0.03    0.00    0.00    0.00    16.9    0.00
  23 24 2018    0.96    0.00    0.00    0.40    0.00   -0.01    0.64    0.00   -0.04    0.00    0.00    0.00    17.3   -0.01
  24 24 2018    0.00    0.00    0.00    0.03    0.02    0.00    0.00    0.00   -0.06    0.00    0.00    0.00    17.3    0.04
  25 24 2018    0.08    0.00    0.03    0.06    0.04    0.01    0.03    0.00   -0.04    0.00    0.00    0.00    17.4    0.00
  26 24 2018    1.92    0.00    0.00    0.77    0.00   -0.01    1.26    0.00   -0.13    0.00    0.00    0.00    18.2    0.06
  27 24 2018    0.00    0.00    0.00    0.04    0.00    0.00    0.03    0.00   -0.06    0.00    0.00    0.00    18.2   -0.01
  28 24 2018    0.00    0.00    0.00   -0.09    0.00    0.01    0.01    0.00   -0.08    0.00    0.00    0.00    18.1    0.15
  29 24 2018    0.00    0.00    0.00    0.04    0.02   -0.01   -0.01    0.00   -0.01    0.00    0.00    0.00    18.2   -0.01
  30 24 2018    0.08    0.00    0.03    0.06    0.03    0.00   -0.03    0.00    0.02    0.00    0.00    0.00    18.2   -0.01
  31 24 2018    2.33    0.00    0.15    0.81    0.03    0.01    1.41    0.00    0.02    0.00    0.00    0.00    19.0   -0.03
  32 24 2018    9.58    0.00    0.35    3.23    0.00    0.00    6.17    0.00   -0.03    0.00    0.00    0.00    22.3    0.01
  33 24 2018    0.13    0.00    0.04    0.47    0.03    0.00    0.07    0.00   -0.02    0.00    0.00    0.00    22.7   -0.08
  34 24 2018    3.04    0.00    0.06    1.13    0.02    0.00    1.92    0.00   -0.14    0.00    0.00    0.00    23.9    0.12
  35 24 2018    4.25    0.00    0.15    1.45    0.01    0.01    2.72    0.00   -0.24    0.00    0.00    0.00    25.3    0.23
  36 24 2018    9.58    0.00    1.28    2.32    0.00   -0.01    6.17    0.00   -0.01    0.00    0.00    0.00    27.6   -0.02
  37 24 2018    0.00    0.00    0.00    1.34    0.01   -0.01   -0.02    0.00   -0.03    0.00    0.00    0.00    29.0    0.00
  38 24 2018    0.00    0.00    0.00    0.00    0.01    0.01    0.01    0.00   -0.03    0.00    0.00    0.00    29.0    0.02
  39 24 2018    0.29    0.00    0.10    0.06    0.03    0.00    0.17    0.00   -0.02    0.00    0.00    0.00    29.0   -0.01
  40 24 2018    7.25    0.00    0.77    1.94    0.02    0.00    4.63    0.00   -0.05    0.00    0.00    0.00    31.0    0.07
  41 24 2018   12.50    0.00    2.77    0.99    0.00    0.00    9.55    0.00   -0.02    0.00    0.00    0.00    32.0   -0.02
  42 24 2018    1.04    0.00    0.09    3.04    0.00    0.00    0.71    0.00   -0.03    0.00    0.00    0.00    35.0    0.00
  43 24 2018    1.92    0.00    0.17    0.59    0.01    0.01    1.27    0.00   -0.27    0.00    0.00    0.00    35.6    0.24
  44 24 2018    0.00    0.00    0.00    0.23    0.02    0.00   -0.01    0.00   -0.03    0.00    0.00    0.00    35.8   -0.01
  45 24 2018    0.00    0.00    0.00    0.06    0.05    0.00   -0.05    0.00   -0.05    0.00    0.00    0.00    35.9    0.04
  46 24 2018    0.00    0.00    0.00    0.12    0.02    0.00   -0.05    0.00   -0.03    0.00    0.00    0.00    36.0   -0.03
  47 24 2018    0.00    0.00    0.00    0.07    0.02    0.00   -0.02    0.00   -0.05    0.00    0.00    0.00    36.1    0.00
  48 24 2018    0.00    0.00    0.00    0.09    0.02    0.00   -0.05    0.00   -0.04    0.00    0.00    0.00    36.2    0.00
  49 24 2018    0.00    0.00    0.00    0.06    0.04    0.01   -0.05    0.00   -0.01    0.00    0.00    0.00    36.2    0.00
  50 24 2018    0.00    0.00    0.00    0.10    0.03   -0.01   -0.03    0.00   -0.05    0.00    0.00    0.00    36.3   -0.01
  51 24 2018    0.00    0.00    0.00    0.06    0.00    0.00    0.00    0.00   -0.06    0.00    0.00    0.00    36.4    0.00
  52 24 2018    0.00    0.00    0.00    0.05    0.00    0.00    0.00    0.00   -0.04    0.00    0.00    0.00    36.5   -0.01
  53 24 2018    0.25    0.00    0.09    0.07    0.00    0.00    0.12    0.00   -0.04    0.00    0.00    0.00    36.5    0.00
  54 24 2018    5.79    0.00    0.82    1.35    0.00    0.00    3.76    0.00   -0.18    0.00    0.00    0.00    37.9    0.14
  55 24 2018    1.00    0.00    0.01    1.19    0.00    0.00    0.64    0.00   -0.03    0.00    0.00    0.00    39.1    0.00
  56 24 2018    0.96    0.00    0.00    0.41    0.00    0.00    0.60    0.00   -0.02    0.00    0.00    0.00    39.5    0.00
  57 24 2018    0.00    0.00    0.00    0.05    0.00    0.00   -0.02    0.00   -0.01    0.00    0.00    0.00    39.5   -0.01
  58 24 2018    0.04    0.00    0.01    0.02    0.01    0.00    0.02    0.00   -0.05    0.00    0.00    0.00    39.5    0.05
  59 24 2018    0.96    0.00    0.06    0.29    0.00    0.01    0.63    0.00   -0.42    0.00    0.00    0.00    39.8    0.41
  60 24 2018    0.00    0.00    0.00    0.07    0.01    0.00   -0.01    0.00   -0.01    0.00    0.00    0.00    39.9    0.02
  61 24 2018    0.00    0.00    0.00    0.10    0.03    0.00   -0.10    0.00    0.06    0.00    0.00    0.00    40.0   -0.05
  62 24 2018    0.00    0.20    0.00    0.23    0.20    0.00   -0.30    0.00    0.09    0.00    0.00    0.00    40.2   -0.02
  63 24 2018    0.00    1.08    0.00    0.75    0.64    0.00   -1.21    0.00    0.47    0.00    0.00    0.00    41.0   -0.01
  64 24 2018    0.08    0.00    0.03    0.15    0.00    0.00   -0.04    0.00   -0.05    0.00    0.00    0.00    41.1    0.00
  65 24 2018    1.92    0.00    0.00    0.88    0.00    0.00    1.11    0.00   -0.64    0.00    0.00    0.00    42.0    0.60
  66 24 2018    0.00    0.00    0.00    0.04    0.01    0.00   -0.01    0.00   -0.05    0.00    0.00    0.00    42.0    0.03
  67 24 2018    0.17    0.00    0.06    0.05    0.05    0.01    0.07    0.00   -0.02    0.00    0.00    0.00    42.1    0.01
  68 24 2018    3.88    0.00    0.18    1.30    0.02    0.01    2.42    0.00   -0.09    0.00    0.00    0.00    43.4    0.11
  69 24 2018    0.96    0.00    0.00    0.55    0.00   -0.01    0.62    0.00   -0.17    0.00    0.00    0.00    43.9    0.16
  70 24 2018    0.00    0.00    0.00    0.04    0.03    0.00   -0.01    0.00   -0.03    0.00    0.00    0.00    44.0    0.00
  71 24 2018    0.00    0.00    0.00    0.07    0.05    0.00   -0.05    0.00   -0.01    0.00    0.00    0.00    44.0    0.00
  72 24 2018    0.00    2.80    0.00    0.67    0.64    0.00   -2.84    0.00    2.20    0.00    0.00    0.00    44.7   -0.02
  73 24 2018    0.08   10.67    0.03    1.37    1.35    0.00  -10.62    0.00    6.33    0.00    0.00    2.99    46.1   -0.01
  74 24 2018    1.92    2.14    0.00    1.82    1.04    0.00   -0.97    0.00    0.19    0.00    0.00    3.90    47.9    0.01
  75 24 2018    0.00    0.66    0.00    1.61    1.23   -0.01   -0.98    0.00   -0.10    0.00    0.00    3.41    49.5   -0.03
  76 24 2018    0.21    9.89    0.08    1.52    1.46    0.00   -9.80    0.00   -0.15    0.00    0.00   11.99    51.0   -0.02
  77 24 2018    4.79    0.13    0.31    1.85    0.32    0.00    2.89    0.00   -0.03    0.00    0.00   11.72    52.9    0.11
  78 24 2018    0.04    0.00    0.01    0.67    0.24    0.00   -0.07    0.00   -0.19    0.00    0.00   11.66    53.6   -0.01
  79 24 2018    0.96    0.00    0.00    0.50    0.01    0.00    0.49    0.00   -0.11    0.00    0.00   11.65    54.1    0.11
  80 24 2018    0.04    0.25    0.02    0.97    0.96    0.01   -0.25    0.00    0.14    0.00    0.00   10.82    55.0   -0.01
  81 24 2018    1.21    4.86    0.09    2.09    1.74    0.01   -4.10    0.00    0.20    0.00    0.00   13.68    57.1    0.10
  82 24 2018    5.75    8.17    0.11    3.12    0.96    0.00   -4.58    0.00    0.25    0.00    0.62   20.00    60.2    0.01
  83 24 2018    0.04   10.72    0.02    2.02    1.82   -0.01  -10.70    0.00    0.02    0.00    8.90   19.95    62.3   -0.03
  84 24 2018    1.38    7.01    0.22    2.22    1.86    0.01   -6.16    0.00    0.05    0.00    4.95   19.96    64.5    0.09
  85 24 2018    9.67    4.49    1.39    2.84    0.49   -0.01    1.70    0.00   -0.10    0.00    4.04   19.99    67.3    0.00
  86 24 2018    2.21    0.00    0.11    2.14    0.00   -0.01    1.42    0.00   -0.02    0.00    0.00   19.97    69.5   -0.02
  87 24 2018    6.79    0.00    0.73    1.87    0.05    0.01    4.33    0.00   -0.32    0.00    0.00   19.95    71.3    0.29
  88 24 2018    1.92    0.00    0.00    1.45    0.02    0.00    1.25    0.00   -0.16    0.00    0.00   19.94    72.8    0.13
  89 24 2018    0.00    0.60    0.00    0.96    0.93    0.00   -0.65    0.00   -0.31    0.00    0.52   19.44    73.7   -0.02
  90 24 2018    0.29    2.68    0.11    1.45    1.41    0.00   -2.52    0.00    0.23    0.00    0.72   19.79    75.2   -0.03
  91 24 2018    6.83    4.64    0.05    4.62    2.00   -0.01   -0.36    0.00    0.43    0.00    2.37   19.64    79.8    0.00
  92 24 2018    2.88   13.95    0.00    4.62    3.47    0.00  -12.09    0.00    0.31    0.00    9.94   19.76    84.4    0.01
  93 24 2018    0.00    5.01    0.00    2.22    1.40   -0.01   -5.50    0.00   -0.27    0.00    3.73   19.62    86.7   -0.02
  94 24 2018    0.00    1.40    0.00    3.50    2.58    0.01   -1.38    0.00    0.18    0.00    0.16   17.13    90.2    0.01
  95 24 2018    0.67    0.42    0.24    2.19    1.89    0.01    0.00    0.00    4.15    0.00    0.00   11.11    92.4    0.10
  96 24 2018   15.58    0.00    2.95    0.48    0.00    0.00   13.04    0.00    0.32    0.00    0.00   10.15    92.8   -0.01
  97 24 2018    6.21    2.06    2.15    2.20    0.00    0.01    2.68    0.00    0.46    0.00    0.00   11.80    95.0    0.01
  98 24 2018   10.67    2.44    1.60    4.08    0.00   -0.02    4.74    0.00    0.02    0.00    0.00   14.19    99.1   -0.01
  99 24 2018    2.88    3.33    0.00    3.82    1.18    0.00   -1.45    0.00   -0.24    0.01    0.00   16.53   102.9    0.00
 100 24 2018    0.00    4.85    0.00    2.98    2.95    0.00   -4.86    0.00   -0.40    0.01    0.00   18.83   105.9   -0.02
 101 24 2018    0.04   10.05    0.02    4.36    4.31    0.00  -10.00    0.00    0.76    0.01    4.32   19.45   110.3   -0.04
 102 24 2018    0.96    4.94    0.00    5.38    4.38    0.01   -4.14    0.00   -0.32    0.01    1.71   17.78   115.7   -0.01
 103 24 2018    0.04    0.16    0.02    1.29    0.19   -0.01    0.00    0.00   -0.15    0.01    0.00   16.70   117.0   -0.04
 104 24 2018    1.00    3.96    0.02    3.01    1.71    0.01    0.00    0.00   -0.16    0.01    0.00   14.81   120.0    0.02
 105 24 2018    0.96    2.65    0.00    4.09    2.88    0.00    0.00    0.00    0.55    0.01    0.00   11.15   124.1   -0.01
 106 24 2018    0.13    0.00    0.05    3.61    2.99   -0.01    0.00    0.00    0.15    0.01    0.00    7.48   127.7   -0.02
 107 24 2018    2.88    1.91    0.00    3.51    1.65    0.00    0.76    0.00   -0.23    0.01    0.00    6.34   131.2    0.01
 108 24 2018    0.00    0.50    0.00    2.95    2.47    0.00   -0.76    0.00   -0.41    0.01    0.00    4.56   134.1    0.00
 109 24 2018    0.25    0.30    0.09    3.07    2.46    0.01    0.00    0.00    0.55    0.01    0.00    1.10   137.2   -0.01
 110 24 2018    5.96    1.60    0.94    1.34    0.03    0.00    3.11    0.00   -0.09    0.00    0.00    1.82   138.5    0.02
 111 24 2018    4.79    0.00    0.46    2.22    0.00    0.01    3.21    0.00   -0.13    0.00    0.00    1.79   140.7    0.00
 112 24 2018    0.04    4.75    0.02    2.45    1.96    0.00   -4.63    0.00    0.78    0.00    0.00    3.68   143.2    0.00
 113 24 2018    1.50    2.55    0.26    4.28    3.64    0.00   -1.69    0.00   -0.01    0.00    0.00    2.35   147.5    0.00
 114 24 2018   12.46    0.00    2.94    0.34    0.00   -0.01   10.08    0.00    1.75   -0.05    0.00    0.00   147.8    0.02
 115 24 2018    0.00    5.20    0.00    4.41    1.44    0.00   -5.08    0.00   -1.17    0.39    0.00    4.43   152.2   -0.02
 116 24 2018    0.00    4.49    0.00    1.95    1.91    0.00   -4.26    0.00    1.52    3.12    0.00    2.14   154.2   -0.06
 117 24 2018    0.00    0.89    0.00    3.74    3.26    0.01   -0.74    0.00   -1.97    1.15    0.00    0.00   157.9   -0.03
 118 24 2018    0.00    0.00    0.00    3.66    3.03    0.01    0.00    0.00   -3.97    0.27    0.00    0.00   161.6    0.03
 119 24 2018    0.00    0.00    0.00    4.50    3.64   -0.01    0.00    0.00   -4.63    0.12    0.00    0.00   166.1    0.02
 120 24 2018    0.08    0.05    0.03    4.40    3.49    0.01    0.00    0.00   -4.44    0.08    0.00    0.00   170.5    0.01
 121 24 2018    2.75    1.57    0.47    1.84    0.92    0.00    0.00    0.00   -0.04    0.06    0.00    0.45   172.3    0.00
 122 24 2018   20.21    1.18    2.96    0.15    0.00    0.00   16.95    0.00    1.01    0.05    0.00    0.00   172.4    0.00
 123 24 2018   23.96    4.40    2.90    0.29    0.00    0.00   19.35    0.00    4.36    0.04    0.00    0.00   172.7   -0.02
 124 24 2018    0.00    4.18    0.00    3.64    0.74    0.00   -4.19    0.00    3.42    0.04    0.00    0.00   176.4   -0.01
 125 24 2018    0.00   10.40    0.00    3.72    3.72    0.00  -10.39    0.00    5.86    0.24    0.00    0.00   180.1    0.57
 126 24 2018    0.00   10.40    0.00    2.82    2.80    0.00  -10.36    0.00   -1.78    2.78    0.00    6.65   182.9   -0.12
 127 24 2018    0.00   10.19    0.00    3.65    3.62    0.00  -11.37    0.00    1.37   13.07    0.00    0.00   186.6   -0.07
 128 24 2018    0.00    0.00    0.00    5.50    4.29    0.00    0.00    0.00   -6.08    0.62    0.00    0.00   192.1   -0.04
 129 24 2018    0.00    0.00    0.00    5.21    4.06    0.00    0.00    0.00   -5.42    0.20    0.00    0.00   197.3    0.01
 130 24 2018    0.04    0.00    0.02    5.64    4.38    0.01    0.00    0.00   -5.77    0.13    0.00    0.00   202.9    0.00
 131 24 2018    1.04    0.05    0.10    2.81    2.03    0.00    0.00    0.00   -1.96    0.11    0.00    0.00   205.7    0.00
 132 24 2018    2.38    0.05    0.40    1.84    0.67    0.00    0.00    0.00    0.16    0.09    0.00    0.00   207.6   -0.02
 133 24 2018   10.58    1.59    2.48    2.04    0.00   -0.01    0.00    0.00    6.38    0.08    0.00    0.00   209.6    0.01
 134 24 2018    0.96    0.13    1.26    1.82    0.00    0.00    0.00    0.00    0.26    0.08    0.00    0.00   211.4    0.02
 135 24 2018    0.00    0.00    0.00    3.18    1.32    0.00    0.00    0.00   -2.00    0.11    0.00    0.00   214.6   -0.02
 136 24 2018    0.00    0.00    0.00    5.24    3.99    0.00    0.00    0.00   -5.72    0.53    0.00    0.00   219.9   -0.05
 137 24 2018    0.04    0.00    0.02    5.58    4.18   -0.01    0.00    0.00   -5.69    0.19    0.00    0.00   225.4   -0.03
 138 24 2018    1.63    0.56    0.25    2.12    1.33    0.02    0.00    0.00   -0.81    0.05    0.00    0.00   227.6    0.02
 139 24 2018   15.42    3.22    2.99    0.70    0.00    0.00    4.20    0.00    7.73    0.05    0.00    0.00   228.3   -0.01
 140 24 2018    1.92    5.31    1.73    1.78    0.00    0.00   -4.20    0.00    4.99    0.60    0.00    0.00   230.1    0.00
 141 24 2018    0.04    0.03    0.02    4.89    2.18    0.00    0.00    0.00   -4.00    0.92    0.00    0.00   234.9   -0.06
 142 24 2018    0.96    0.13    0.00    4.07    2.82    0.01    0.00    0.00   -3.41    0.29    0.00    0.00   239.0    0.01
 143 24 2018    0.00    0.00    0.00    3.34    2.44    0.00    0.00    0.00   -3.45    0.11    0.00    0.00   242.3   -0.01
 144 24 2018    0.00    0.00    0.00    5.42    4.09   -0.01    0.00    0.00   -5.45    0.05    0.00    0.00   247.8    0.00
 145 24 2018    0.00    0.00    0.00    5.22    4.09    0.02    0.00    0.00   -5.28    0.02    0.00    0.00   253.0    0.02
 146 24 2018    0.00    0.00    0.00    4.02    2.84   -0.03    0.00    0.00   -3.98    0.01    0.00    0.00   257.0   -0.02
 147 24 2018    0.04    0.00    0.02    1.24    0.76    0.02    0.00    0.00   -1.24    0.01    0.00    0.00   258.2    0.00
 148 24 2018    0.96    0.00    0.00    0.93    0.11   -0.01    0.00    0.00    0.01    0.00    0.00    0.00   259.2    0.04
 149 24 2018    0.00    0.00    0.00    1.11    0.37   -0.01    0.00    0.00   -1.11    0.00    0.00    0.00   260.3    0.00
 150 24 2018    0.00    0.00    0.00    0.75    0.32    0.00    0.00    0.00   -0.75    0.00    0.00    0.00   261.0    0.00
 151 24 2018    0.00    0.00    0.00    0.55    0.25   -0.01    0.00    0.00   -0.55    0.00    0.00    0.00   261.6    0.01
 152 24 2018    0.00    0.00    0.00    0.53    0.18    0.00    0.00    0.00   -0.51    0.00    0.00    0.00   262.1   -0.02
 153 24 2018    0.00    0.00    0.00    0.33    0.11    0.02    0.00    0.00   -0.36    0.00    0.00    0.00   262.4    0.01
 154 24 2018    0.00    0.00    0.00    0.20    0.05   -0.01    0.00    0.00   -0.20    0.00    0.00    0.00   262.7    0.00
 155 24 2018    0.00    0.00    0.00    0.38    0.09    0.00    0.00    0.00   -0.37    0.00    0.00    0.00   263.0   -0.01
 156 24 2018    0.00    0.00    0.00    0.26    0.04    0.00    0.00    0.00   -0.28    0.00    0.00    0.00   263.3    0.01
 157 24 2018    0.00    0.00    0.00    0.14    0.00    0.01    0.00    0.00   -0.18    0.00    0.00    0.00   263.4    0.02
 158 24 2018    0.00    0.00    0.00    0.26    0.00   -0.02    0.00    0.00   -0.24    0.00    0.00    0.00   263.7    0.00
 159 24 2018    0.00    0.00    0.00    0.18    0.00    0.01    0.00    0.00   -0.18    0.00    0.00    0.00   263.9   -0.01
 160 24 2018    0.00    0.00    0.00    0.21    0.00    0.00    0.00    0.00   -0.22    0.00    0.00    0.00   264.1    0.00
 161 24 2018    0.00    0.00    0.00    0.20    0.01    0.01    0.00    0.00   -0.23    0.00    0.00    0.00   264.3    0.02
 162 24 2018    0.00    0.00    0.00    0.24    0.01   -0.01    0.00    0.00   -0.22    0.00    0.00    0.00   264.5   -0.01
 163 24 2018    0.00    0.00    0.00    0.07    0.00    0.02    0.00    0.00   -0.12    0.00    0.00    0.00   264.6    0.02
 164 24 2018    0.00    0.00    0.00    0.15    0.00   -0.01    0.00    0.00   -0.14    0.00    0.00    0.00   264.7    0.00
 165 24 2018    0.04    0.00    0.02    0.16    0.00   -0.01    0.00    0.00   -0.13    0.00    0.00    0.00   264.9   -0.01
 166 24 2018    1.04    0.00    0.03    0.83    0.00    0.04    0.00    0.00    0.15    0.00    0.00    0.00   265.7    0.00
 167 24 2018    3.08    0.00    0.50    1.35    0.00    0.00    0.00    0.00    1.26    0.00    0.00    0.00   267.1    0.00
 168 24 2018   26.83    0.00    2.99    0.93    0.00   -0.01    0.00    0.00   23.42    0.00    0.00    0.00   268.0    0.00
 169 24 2018    0.13    0.00    0.05    4.11    0.12    0.01    0.00    0.00   -1.02    0.01    0.00    0.00   272.1   -0.03
 170 24 2018    2.88    0.00    0.23    2.10    0.64    0.00    0.00    0.00    0.54    0.05    0.00    0.00   274.2    0.01
 171 24 2018    0.00    0.00    0.00    2.79    1.88    0.00    0.00    0.00   -2.62    0.07    0.00    0.00   277.0   -0.01
 172 24 2018    0.00    0.00    0.00    5.25    3.72    0.01    0.00    0.00   -5.31    0.05    0.00    0.00   282.2    0.01
 173 24 2018    0.00    0.00    0.00    7.09    4.76   -0.02    0.00    0.00   -7.10    0.02    0.00    0.00   289.3    0.01
 174 24 2018    0.17    0.00    0.06    2.60    1.65    0.00    0.00    0.00   -2.53    0.01    0.00    0.00   291.9    0.03
 175 24 2018    3.83    0.00    0.00    2.63    0.28    0.00    0.00    0.00    1.23    0.01    0.00    0.00   294.6    0.03
 176 24 2018    0.00    0.00    0.00    2.82    1.68   -0.01    0.00    0.00   -2.81    0.01    0.00    0.00   297.4   -0.01
 177 24 2018    0.00    0.00    0.00    1.04    0.58   -0.01    0.00    0.00   -1.04    0.01    0.00    0.00   298.4    0.01
 178 24 2018    0.00    0.00    0.00    0.63    0.31    0.00    0.00    0.00   -0.64    0.01    0.00    0.00   299.1    0.00
 179 24 2018    0.00    0.00    0.00    0.55    0.21   -0.01    0.00    0.00   -0.54    0.01    0.00    0.00   299.6   -0.01
 180 24 2018    0.04    0.00    0.02    0.35    0.11    0.03    0.00    0.00   -0.36    0.01    0.00    0.00   300.0    0.01
 181 24 2018    0.96    0.00    0.00    0.80    0.00    0.00    0.00    0.00    0.13    0.00    0.00    0.00   300.8    0.03
 182 24 2018    0.00    0.00    0.00    0.60    0.09   -0.01    0.00    0.00   -0.56    0.00    0.00    0.00   301.4   -0.04
 183 24 2018    0.00    0.00    0.00    0.40    0.07   -0.01    0.00    0.00   -0.37    0.00    0.00    0.00   301.8   -0.02
 184 24 2018    0.00    0.00    0.00    0.17    0.01    0.00    0.00    0.00   -0.20    0.00    0.00    0.00   301.9    0.02
 185 24 2018    0.00    0.00    0.00    0.07    0.00    0.03    0.00    0.00   -0.13    0.00    0.00    0.00   302.0    0.02
 186 24 2018    0.00    0.00    0.00    0.08    0.00    0.00    0.00    0.00   -0.11    0.00    0.00    0.00   302.1    0.02
 187 24 2018    0.29    0.00    0.11    0.18    0.01   -0.01    0.00    0.00    0.00    0.00    0.00    0.00   302.3    0.02
 188 24 2018    6.71    0.00    0.50    3.23    0.29    0.02    0.00    0.00    3.05    0.00    0.00    0.00   305.5    0.01
 189 24 2018    0.00    0.00    0.00    2.63    1.20    0.00    0.00    0.00   -2.17    0.00    0.00    0.00   308.1    0.03
 190 24 2018    0.00    0.00    0.00    0.67    0.24   -0.03    0.00    0.00   -0.66    0.00    0.00    0.00   308.8    0.01
 191 24 2018    0.00    0.00    0.00    0.45    0.13   -0.02    0.00    0.00   -0.47    0.00    0.00    0.00   309.2    0.04
 192 24 2018    0.08    0.00    0.03    0.27    0.04    0.02    0.00    0.00   -0.28    0.00    0.00    0.00   309.5    0.04
 193 24 2018    2.00    0.00    0.03    1.33    0.00    0.02    0.00    0.00    0.63    0.00    0.00    0.00   310.8    0.02
 194 24 2018    1.92    0.00    0.00    1.85    0.01   -0.01    0.00    0.00    0.08    0.00    0.00    0.00   312.7    0.02
 195 24 2018    0.50    0.00    0.18    0.65    0.05    0.00    0.00    0.00   -0.35    0.00    0.00    0.00   313.3    0.02
 196 24 2018   11.58    0.00    3.00    1.50    0.00    0.00    0.00    0.00    7.27    0.00    0.00    0.00   314.8   -0.01
 197 24 2018    1.92    0.00    0.07    5.12    0.64    0.01    0.00    0.00   -0.26    0.00    0.00    0.00   319.9   -0.02
 198 24 2018    0.00    0.00    0.00    4.02    2.70   -0.02    0.00    0.00   -3.92    0.00    0.00    0.00   324.0   -0.01
 199 24 2018    0.00    0.00    0.00    1.80    0.88    0.00    0.00    0.00   -1.81    0.00    0.00    0.00   325.8    0.00
 200 24 2018    0.00    0.00    0.00    0.78    0.35   -0.01    0.00    0.00   -0.79    0.00    0.00    0.00   326.5    0.01
 201 24 2018    0.04    0.00    0.02    0.41    0.14    0.00    0.00    0.00   -0.38    0.00    0.00    0.00   327.0    0.00
 202 24 2018    1.58    0.00    0.23    0.95    0.00    0.02    0.00    0.00    0.40    0.00    0.00    0.00   327.9   -0.01
 203 24 2018   14.88    0.00    2.09    4.97    0.76    0.02    0.00    0.00    8.01    0.00    0.00    0.00   332.9    0.01
 204 24 2018   11.50    0.00    3.00    1.69    0.00   -0.01    0.00    0.00    8.89    0.00    0.00    0.00   334.6    0.00
 205 24 2018    0.13    0.00    0.05    4.42    0.60    0.00    0.00    0.00   -1.32    0.00    0.00    0.00   339.0   -0.02
 206 24 2018    2.96    0.00    0.25    4.25    2.35    0.00    0.00    0.00   -1.54    0.00    0.00    0.00   343.2    0.03
 207 24 2018    1.96    0.00    0.09    3.84    2.05    0.00    0.00    0.00   -1.74    0.01    0.00    0.00   347.1    0.01
 208 24 2018    0.96    0.00    0.00    4.70    2.93   -0.01    0.00    0.00   -3.66    0.01    0.00    0.00   351.8    0.01
 209 24 2018    0.00    0.00    0.00    3.20    2.32    0.01    0.00    0.00   -3.23    0.01    0.00    0.00   355.0    0.01
 210 24 2018    0.00    0.00    0.00    2.14    1.12   -0.01    0.00    0.00   -2.12    0.01    0.00    0.00   357.1   -0.01
 211 24 2018    0.00    0.00    0.00    0.79    0.38   -0.02    0.00    0.00   -0.75    0.01    0.00    0.00   357.9   -0.03
 212 24 2018    0.00    0.00    0.00    0.62    0.29    0.02    0.00    0.00   -0.65    0.01    0.00    0.00   358.5    0.01
 213 24 2018    0.00    0.00    0.00    0.36    0.14    0.00    0.00    0.00   -0.37    0.01    0.00    0.00   358.9    0.01
 214 24 2018    0.13    0.00    0.05    0.40    0.14   -0.01    0.00    0.00   -0.35    0.01    0.00    0.00   359.3    0.03
 215 24 2018    2.88    0.00    0.00    1.97    0.01    0.00    0.00    0.00    0.95    0.01    0.00    0.00   361.3    0.01
 216 24 2018    0.08    0.00    0.03    1.10    0.33    0.01    0.00    0.00   -1.10    0.00    0.00    0.00   362.4    0.04
 217 24 2018    1.92    0.00    0.08    1.64    0.03    0.02    0.00    0.00    0.18    0.00    0.00    0.00   364.0    0.02
 218 24 2018    0.00    0.00    0.00    0.77    0.11   -0.01    0.00    0.00   -0.64    0.00    0.00    0.00   364.8   -0.04
 219 24 2018    0.04    0.00    0.02    0.37    0.07   -0.01    0.00    0.00   -0.32    0.00    0.00    0.00   365.1   -0.02
 220 24 2018    0.96    0.00    0.00    0.95    0.01    0.00    0.00    0.00    0.01    0.00    0.00    0.00   366.1    0.01
 221 24 2018    0.00    0.00    0.00    0.42    0.05    0.01    0.00    0.00   -0.47    0.00    0.00    0.00   366.5    0.04
 222 24 2018    0.00    0.00    0.00    0.28    0.05    0.00    0.00    0.00   -0.29    0.00    0.00    0.00   366.8    0.01
 223 24 2018    0.00    0.00    0.00    0.32    0.05   -0.02    0.00    0.00   -0.32    0.00    0.00    0.00   367.1    0.01
 224 24 2018    0.00    0.00    0.00    0.29    0.02   -0.01    0.00    0.00   -0.26    0.00    0.00    0.00   367.4   -0.02
 225 24 2018    0.00    0.00    0.00    0.17    0.00    0.01    0.00    0.00   -0.21    0.00    0.00    0.00   367.6    0.02
 226 24 2018    0.00    0.00    0.00   -0.04    0.00    0.02    0.00    0.00    0.03    0.00    0.00    0.00   367.5   -0.01
 227 24 2018    0.00    0.00    0.00    0.30    0.00   -0.02    0.00    0.00   -0.28    0.00    0.00    0.00   367.8    0.00
 228 24 2018    0.00    0.00    0.00    0.12    0.00    0.01    0.00    0.00   -0.15    0.00    0.00    0.00   368.0    0.02
 229 24 2018    0.04    0.00    0.02    0.07    0.00    0.00    0.00    0.00   -0.09    0.00    0.00    0.00   368.0    0.04
 230 24 2018    0.96    0.00    0.00    0.81    0.00    0.00    0.00    0.00    0.15    0.00    0.00    0.00   368.8    0.01
 231 24 2018    0.00    0.00    0.00    0.34    0.00   -0.01    0.00    0.00   -0.30    0.00    0.00    0.00   369.2   -0.03
 232 24 2018    0.17    0.00    0.06    0.15    0.00    0.00    0.00    0.00   -0.02    0.00    0.00    0.00   369.3   -0.03
 233 24 2018    3.83    0.00    0.02    1.84    0.00    0.01    0.00    0.00    1.99    0.00    0.00    0.00   371.2    0.02
 234 24 2018    0.00    0.00    0.00    1.04    0.27    0.01    0.00    0.00   -1.02    0.00    0.00    0.00   372.2   -0.01
 235 24 2018    0.00    0.00    0.00    0.42    0.04   -0.02    0.00    0.00   -0.40    0.00    0.00    0.00   372.6    0.00
 236 24 2018    0.04    0.00    0.02    0.29    0.03    0.00    0.00    0.00   -0.27    0.00    0.00    0.00   372.9    0.00
 237 24 2018    0.96    0.00    0.00    0.94    0.00    0.00    0.00    0.00    0.04    0.00    0.00    0.00   373.9   -0.02
 238 24 2018    0.17    0.00    0.06    0.43    0.01   -0.01    0.00    0.00   -0.30    0.00    0.00    0.00   374.3   -0.02
 239 24 2018    3.83    0.11    0.00    3.13    0.00    0.01    0.00    0.00    0.74    0.00    0.00    0.00   377.4    0.01
 240 24 2018    0.00    0.00    0.00    0.63    0.01    0.00    0.00    0.00   -0.64    0.00    0.00    0.00   378.1    0.02
 241 24 2018    0.00    0.00    0.00    0.38    0.01   -0.03    0.00    0.00   -0.35    0.00    0.00    0.00   378.4   -0.01
 242 24 2018    0.00    0.00    0.00    0.21    0.01    0.00    0.00    0.00   -0.20    0.00    0.00    0.00   378.6    0.00
 243 24 2018    0.00    0.00    0.00    0.13    0.00    0.00    0.00    0.00   -0.16    0.00    0.00    0.00   378.8    0.02
 244 24 2018    0.00    0.00    0.00   -0.01    0.00    0.04    0.00    0.00   -0.07    0.00    0.00    0.00   378.8    0.03
 245 24 2018    0.00    0.00    0.00    0.19    0.00   -0.01    0.00    0.00   -0.18    0.00    0.00    0.00   379.0    0.00
 246 24 2018    0.00    0.00    0.00    0.13    0.00   -0.02    0.00    0.00   -0.09    0.00    0.00    0.00   379.1   -0.02
 247 24 2018    0.25    0.00    0.09    0.05    0.00    0.04    0.00    0.00    0.06    0.00    0.00    0.00   379.1    0.01
 248 24 2018    5.79    0.00    0.64    2.08    0.00   -0.02    0.00    0.00    3.16    0.00    0.00    0.00   381.2    0.01
 249 24 2018    1.00    0.05    0.02    1.28    0.00   -0.01    0.00    0.00    0.33    0.00    0.00    0.00   382.5    0.00
 250 24 2018    1.00    0.16    0.04    0.93    0.00    0.01    0.00    0.00    0.00    0.00    0.00    0.00   383.4    0.04
 251 24 2018    0.96    0.05    0.00    1.66    0.20    0.00    0.00    0.00   -0.67    0.00    0.00    0.00   385.1   -0.01
 252 24 2018    0.00    0.00    0.00    1.06    0.31   -0.02    0.00    0.00   -1.07    0.00    0.00    0.00   386.2    0.02
 253 24 2018    0.00    0.00    0.00    0.51    0.17   -0.03    0.00    0.00   -0.51    0.00    0.00    0.00   386.7    0.02
 254 24 2018    0.00    0.00    0.00    0.30    0.09    0.01    0.00    0.00   -0.31    0.00    0.00    0.00   387.0    0.00
 255 24 2018    0.00    0.00    0.00    0.33    0.06    0.00    0.00    0.00   -0.32    0.00    0.00    0.00   387.3   -0.01
 256 24 2018    0.00    0.00    0.00    0.30    0.03    0.00    0.00    0.00   -0.29    0.00    0.00    0.00   387.6    0.00
 257 24 2018    0.00    0.00    0.00    0.18    0.01    0.02    0.00    0.00   -0.22    0.00    0.00    0.00   387.8    0.01
 258 24 2018    0.00    0.00    0.00    0.16    0.00   -0.01    0.00    0.00   -0.18    0.00    0.00    0.00   387.9    0.02
 259 24 2018    0.00    0.00    0.00    0.16    0.00    0.00    0.00    0.00   -0.15    0.00    0.00    0.00   388.1   -0.01
 260 24 2018    0.00    0.00    0.00    0.11    0.00    0.00    0.00    0.00   -0.13    0.00    0.00    0.00   388.2    0.01
 261 24 2018    0.08    0.00    0.03    0.10    0.00    0.00    0.00    0.00   -0.07    0.00    0.00    0.00   388.3    0.02
 262 24 2018    1.92    0.00    0.00    1.41    0.00    0.01    0.00    0.00    0.52    0.00    0.00    0.00   389.7   -0.01
 263 24 2018    0.00    0.00    0.00    0.54    0.00   -0.01    0.00    0.00   -0.54    0.00    0.00    0.00   390.2    0.02
 264 24 2018    0.00    0.00    0.00    0.12    0.00   -0.01    0.00    0.00   -0.10    0.00    0.00    0.00   390.4   -0.01
 265 24 2018    0.00    0.00    0.00    0.20    0.00    0.00    0.00    0.00   -0.19    0.00    0.00    0.00   390.6    0.00
 266 24 2018    0.13    0.08    0.05    0.12    0.00    0.00    0.00    0.00   -0.02    0.00    0.00    0.00   390.7   -0.02
 267 24 2018    2.88    0.64    0.00    2.12    0.00    0.00    0.00    0.00    0.80    0.00    0.00    0.00   392.8    0.00
 268 24 2018    0.00    0.00    0.00    0.56    0.01    0.03    0.00    0.00   -0.63    0.00    0.00    0.00   393.4    0.03
 269 24 2018    0.00    0.00    0.00    0.24    0.00   -0.03    0.00    0.00   -0.19    0.00    0.00    0.00   393.6   -0.01
 270 24 2018    0.00    0.00    0.00    0.12    0.00    0.00    0.00    0.00   -0.11    0.00    0.00    0.00   393.7   -0.01
 271 24 2018    0.00    0.00    0.00    0.10    0.00    0.00    0.00    0.00   -0.09    0.00    0.00    0.00   393.8   -0.01
 272 24 2018    0.00    0.00    0.00    0.11    0.00    0.01    0.00    0.00   -0.12    0.00    0.00    0.00   393.9    0.00
 273 24 2018    0.00    0.00    0.00    0.12    0.00    0.00    0.00    0.00   -0.13    0.00    0.00    0.00   394.0    0.01
 274 24 2018    0.00    0.00    0.00   -0.09    0.00    0.02    0.00    0.00    0.05    0.00    0.00    0.00   394.0    0.01
 275 24 2018    0.00    0.00    0.00    0.03    0.00    0.01    0.00    0.00   -0.03    0.00    0.00    0.00   394.0   -0.01
 276 24 2018    0.13    0.00    0.05    0.12    0.00   -0.01    0.00    0.00    0.00    0.00    0.00    0.00   394.1   -0.03
 277 24 2018    2.92    0.00    0.02    1.94    0.00   -0.01    0.00    0.00    1.03    0.00    0.00    0.00   396.1   -0.02
 278 24 2018    1.04    0.21    0.19    0.99    0.00    0.00    0.00    0.00   -0.11    0.00    0.00    0.00   397.0   -0.01
 279 24 2018    1.96    2.45    0.25    0.81    0.00    0.00    0.00    0.00    1.08    0.00    0.00    0.00   397.8    0.00
 280 24 2018    1.17    1.17    0.19    0.85    0.00   -0.01    0.00    0.00    0.24    0.00    0.00    0.16   398.7    0.00
 281 24 2018    4.96    0.78    1.56    0.44    0.00   -0.01    3.46    0.00   -0.17    0.00    0.00    0.00   399.1    0.02
 282 24 2018    4.15    0.00    2.82    0.22    0.00    0.00    2.81    0.00   -0.16    0.00    0.00    0.00   399.4    0.02
 283 24 2018    7.33    0.00    2.96    0.31    0.00    0.00    6.93    0.00   -0.06    0.00    0.00    0.00   399.7    0.01
 284 24 2018    3.35    4.57    1.47    2.35    0.00    0.00   -2.09    0.00    4.57    0.00    0.00    0.00   402.0    0.02
 285 24 2018    0.21    3.15    0.08    3.87    2.30   -0.02   -2.89    0.00    0.65    0.00    0.00    0.00   405.9   -0.01
 286 24 2018    5.21    4.58    0.53    3.87    2.42    0.01   -1.13    0.00    2.00    0.00    0.00    0.00   409.7    0.00
 287 24 2018    9.58    0.52    2.82    1.04    0.00    0.01    5.70    0.00    0.51    0.00    0.00    0.00   410.8    0.02
 288 24 2018    0.04    0.17    1.20    1.66    0.00    0.00   -0.10    0.00    0.11    0.00    0.00    0.00   412.4    0.00
 289 24 2018    0.96    1.95    0.07    2.00    0.51   -0.01   -1.19    0.00    1.28    0.00    0.00    0.00   414.4    0.00
 290 24 2018    0.00    1.53    0.00    1.15    1.11    0.03   -1.48    0.00    0.35    0.00    0.00    0.00   415.6    0.01
 291 24 2018    0.00    0.84    0.00    1.15    1.08   -0.01   -0.85    0.00   -0.29    0.00    0.00    0.00   416.8   -0.01
 292 24 2018    0.00    3.57    0.00    1.54    1.49    0.01   -3.53    0.00    2.01    0.00    0.00    0.00   418.3   -0.02
 293 24 2018    0.00    4.34    0.00    1.64    1.52   -0.04   -4.23    0.00    2.62    0.00    0.00    0.00   419.9    0.01
 294 24 2018    0.00    0.15    0.00    2.00    1.74    0.02   -1.42    0.00   -0.61    0.00    0.00    0.00   421.9    0.01
 295 24 2018    0.00    0.00    0.00    1.43    1.25    0.01    0.00    0.00   -1.47    0.00    0.00    0.00   423.4    0.03
 296 24 2018    0.00    0.00    0.00    1.41    1.23    0.02    0.00    0.00   -1.45    0.00    0.00    0.00   424.8    0.02
 297 24 2018    0.00    0.00    0.00    1.98    1.39   -0.03    0.00    0.00   -1.91    0.00    0.00    0.00   426.7   -0.03
 298 24 2018    0.00    0.00    0.00    1.71    1.26    0.01    0.00    0.00   -1.68    0.00    0.00    0.00   428.4   -0.03
 299 24 2018    0.00    0.00    0.00    1.58    0.87    0.00    0.00    0.00   -1.59    0.00    0.00    0.00   430.0    0.01
 300 24 2018    0.00    0.00    0.00    1.04    0.44    0.00    0.00    0.00   -1.06    0.00    0.00    0.00   431.1    0.02
 301 24 2018    0.00    0.00    0.00    0.77    0.22   -0.02    0.00    0.00   -0.75    0.00    0.00    0.00   431.8   -0.01
 302 24 2018    0.50    0.00    0.18    0.53    0.19    0.03    0.00    0.00   -0.24    0.00    0.00    0.00   432.4    0.01
 303 24 2018   11.58    0.81    2.97    0.48    0.00   -0.02    7.99    0.00    0.36    0.00    0.00    0.00   432.8   -0.02
 304 24 2018    2.00    0.00    1.13    2.41    0.00    0.01    1.46    0.00   -0.02    0.00    0.00    0.00   435.3   -0.01
 305 24 2018    2.29    0.97    0.14    1.98    0.10    0.01    0.41    0.00    0.88    0.00    0.00    0.00   437.2    0.00
 306 24 2018    8.87   12.64    0.13    3.92    0.71    0.01   -6.92    0.00   11.87    0.00    0.00    0.00   441.2    0.00
 307 24 2018    5.88    5.99    0.49    1.98    0.18   -0.01   -2.94    0.00    6.49    0.00    0.00    0.00   443.1    0.00
 308 24 2018    3.08    0.69    0.08    2.50    0.80   -0.01    0.00    0.00    0.86    0.00    0.00    0.13   445.6    0.02
 309 24 2018    4.83    2.29    0.10    2.77    0.73    0.00    0.00    0.00    2.15    0.01    0.00    0.03   448.4   -0.01
 310 24 2018    1.00    1.46    0.02    1.22    0.58    0.00    0.00    0.00   -0.59    0.07    0.00    0.42   449.6   -0.01
 311 24 2018    0.96    4.62    0.00    0.64    0.07    0.00    0.76    0.00   -0.44    0.06    0.00    0.34   450.3    0.03
 312 24 2018    0.00    0.00    0.00    0.26    0.03   -0.01    0.27    0.00   -0.55    0.03    0.00    0.33   450.5    0.00
 313 24 2018    0.00    0.00    0.00    0.89    0.69   -0.01    0.25    0.00   -1.04    0.01    0.00    0.23   451.4   -0.01
 314 24 2018    0.42    0.00    0.15    1.18    1.14    0.01    0.50    0.00   -1.21    0.01    0.00    0.00   452.6    0.00
 315 24 2018    9.62    0.00    2.97    0.45    0.00    0.01    6.48    0.00   -0.13    0.00    0.00    0.00   453.1   -0.01
 316 24 2018    0.96    0.00    0.11    3.21    0.00    0.00    0.72    0.00   -0.12    0.00    0.00    0.00   456.3    0.01
 317 24 2018    0.00    0.00    0.00    0.32    0.13    0.00    0.01    0.00   -0.20    0.00    0.00    0.00   456.6   -0.02
 318 24 2018    0.00    0.08    0.00    0.91    0.89   -0.01   -0.06    0.00   -0.84    0.00    0.00    0.00   457.5    0.01
 319 24 2018    0.00    0.06    0.00    1.13    1.09    0.00   -0.04    0.00   -1.09    0.00    0.00    0.00   458.6    0.00
 320 24 2018    0.25    0.08    0.09    0.37    0.30    0.01    0.08    0.00   -0.30    0.00    0.00    0.00   459.0    0.00
 321 24 2018    5.75    0.00    1.84    0.35    0.00   -0.01    3.76    0.00   -0.08    0.00    0.00    0.00   459.3   -0.01
 322 24 2018    0.00    0.00    0.00    1.93    0.06   -0.01    0.03    0.00   -0.19    0.00    0.00    0.00   461.3    0.09
 323 24 2018    0.00    0.00    0.00    0.05    0.01    0.01    0.04    0.00   -0.10    0.00    0.00    0.00   461.3    0.00
 324 24 2018    0.00    0.00    0.00    0.16    0.14   -0.01    0.03    0.00   -0.18    0.00    0.00    0.00   461.5    0.00
 325 24 2018    0.00    0.08    0.00    0.26    0.24    0.00   -0.09    0.00   -0.16    0.00    0.00    0.00   461.7   -0.01
 326 24 2018    0.13    0.05    0.05    0.09    0.13    0.03   -0.02    0.00   -0.06    0.00    0.00    0.00   461.8    0.03
 327 24 2018    3.33    1.69    0.17    1.13    0.04    0.00    0.34    0.00    1.74    0.00    0.00    0.00   463.0   -0.01
 328 24 2018   10.58    2.41    1.49    2.57    0.00   -0.02    4.30    0.00    2.00    0.00    0.00    0.41   465.5    0.00
 329 24 2018    0.96    0.00    0.00    2.12    0.18   -0.01    0.58    0.00    0.16    0.00    0.00    0.00   467.7    0.01
 330 24 2018    0.00    0.00    0.00    0.17    0.00    0.00   -0.04    0.00   -0.09    0.00    0.00    0.00   467.8   -0.03
 331 24 2018    0.17    0.00    0.06    0.09    0.03    0.01    0.09    0.00   -0.08    0.00    0.00    0.00   467.9    0.00
 332 24 2018    3.83    0.00    0.15    1.31    0.03    0.03    2.42    0.00   -0.28    0.00    0.00    0.00   469.2    0.27
 333 24 2018    0.04    0.00    0.01    0.44    0.17   -0.03   -0.01    0.00   -0.19    0.00    0.00    0.00   469.7   -0.04
 334 24 2018    0.96    0.00    0.00    0.39    0.00    0.01    0.61    0.00   -0.27    0.00    0.00    0.00   470.1    0.24
 335 24 2018    0.00    0.00    0.00    0.14    0.00   -0.02   -0.03    0.00   -0.05    0.00    0.00    0.00   470.2   -0.05
 336 24 2018    0.04    0.00    0.01    0.02    0.00    0.01    0.04    0.00   -0.05    0.00    0.00    0.00   470.2    0.01
 337 24 2018    0.96    0.00    0.00    0.37    0.00   -0.01    0.64    0.00   -0.38    0.00    0.00    0.00   470.6    0.36
 338 24 2018    0.08    0.00    0.03    0.11    0.00   -0.01    0.01    0.00   -0.05    0.00    0.00    0.00   470.7   -0.02
 339 24 2018    1.96    0.00    0.01    0.74    0.00    0.01    1.23    0.00   -0.25    0.00    0.00    0.00   471.4    0.24
 340 24 2018    0.96    0.11    0.08    0.28    0.00    0.00    0.47    0.00    0.14    0.00    0.00    0.00   471.7    0.01
 341 24 2018    0.00    0.00    0.00    0.07    0.00    0.01    0.01    0.00   -0.11    0.00    0.00    0.00   471.8    0.09
 342 24 2018    0.00    0.00    0.00    0.07    0.00   -0.01   -0.03    0.00   -0.02    0.00    0.00    0.00   471.9   -0.01
 343 24 2018    0.00    0.00    0.00    0.10    0.00   -0.02   -0.03    0.00   -0.03    0.00    0.00    0.00   472.0   -0.02
 344 24 2018    0.00    0.00    0.00    0.06    0.02    0.00   -0.04    0.00   -0.02    0.00    0.00    0.00   472.0    0.00
 345 24 2018    0.08    0.00    0.03    0.10    0.00    0.00    0.00    0.00   -0.03    0.00    0.00    0.00   472.1   -0.02
 346 24 2018    1.92    0.00    0.00    0.73    0.00    0.02    1.22    0.00   -0.20    0.00    0.00    0.00   472.9    0.18
 347 24 2018    0.00    0.00    0.00    0.03    0.00   -0.01    0.01    0.00   -0.03    0.00    0.00    0.00   472.9    0.01
 348 24 2018    0.00    0.00    0.00    0.02    0.01    0.00   -0.01    0.00   -0.01    0.00    0.00    0.00   472.9    0.00
 349 24 2018    0.00    0.00    0.00    0.05    0.02    0.00   -0.03    0.00    0.00    0.00    0.00    0.00   473.0   -0.01
 350 24 2018    0.00    0.00    0.00    0.18    0.17    0.00   -0.02    0.00   -0.16    0.00    0.00    0.00   473.1    0.00
 351 24 2018    0.00    0.00    0.00    0.10    0.11    0.01   -0.02    0.00   -0.10    0.00    0.00    0.00   473.2    0.01
 352 24 2018    0.21    0.00    0.07    0.00    0.05    0.00    0.11    0.00   -0.06    0.00    0.00    0.00   473.2    0.08
 353 24 2018    4.79    0.00    0.10    1.74    0.00    0.00    3.07    0.00   -0.05    0.00    0.00    0.00   475.0    0.01
 354 24 2018    0.00    0.00    0.00    0.13    0.01    0.00    0.01    0.00   -0.02    0.00    0.00    0.00   475.1   -0.01
 355 24 2018    0.13    0.00    0.04    0.09    0.01    0.00    0.06    0.00   -0.02    0.00    0.00    0.00   475.2   -0.06
 356 24 2018    2.88    0.00    0.00    1.13    0.00   -0.01    1.83    0.00   -0.03    0.00    0.00    0.00   476.3   -0.01
 357 24 2018    0.08    0.00    0.03    0.00    0.00    0.01    0.06    0.00   -0.02    0.00    0.00    0.00   476.3    0.01
 358 24 2018    1.92    0.00    0.03    0.69    0.00    0.00    1.23    0.00   -0.08    0.00    0.00    0.00   477.0    0.08
 359 24 2018    0.04    0.00    0.01    0.04    0.00    0.00    0.05    0.00   -0.03    0.00    0.00    0.00   477.1   -0.01
 360 24 2018    0.96    0.00    0.11    0.24    0.00    0.00    0.63    0.00   -0.35    0.00    0.00    0.00   477.3    0.34
 361 24 2018    0.04    0.00    0.01    0.14    0.00    0.00    0.05    0.00   -0.03    0.00    0.00    0.00   477.5   -0.02
 362 24 2018    0.96    0.00    0.02    0.34    0.00    0.00    0.64    0.00   -0.03    0.00    0.00    0.00   477.8   -0.01
 363 24 2018    0.00    0.00    0.00    0.01    0.00    0.00    0.00    0.00   -0.22    0.00    0.00    0.00   477.8    0.23
 364 24 2018    0.08    0.00    0.03    0.02    0.00    0.01    0.05    0.00   -0.23    0.00    0.00    0.00   477.8    0.22
