
                     FROST AND SNOW DEPTH


 DAY HR  YR     THAW   FROST    SNOW     SWE      ICE CONTENT OF EACH NODE (M3/M3)
                 CM      CM      CM       MM        0.00  0.05  0.10  0.15  0.20  0.25  0.30  0.35  0.40  0.45  0.50  0.60  0.70  0.80  0.90  1.00  1.50
   1  1 2018     0.0    45.4     0.0     0.0       0.121 0.120 0.089 0.088 0.086 0.049 0.048 0.047 0.045 0.037 0.000 0.000 0.000 0.000 0.000 0.000 0.000
   1 24 2018     0.0    45.8     0.0     0.0       0.071 0.125 0.092 0.090 0.088 0.050 0.049 0.047 0.045 0.041 0.000 0.000 0.000 0.000 0.000 0.000 0.000
   2 24 2018     0.0    48.4     0.0     0.0       0.016 0.125 0.092 0.091 0.090 0.050 0.050 0.049 0.047 0.044 0.007 0.000 0.000 0.000 0.000 0.000 0.000
   3 24 2018     4.0    50.2     0.0     0.0       0.000 0.108 0.090 0.089 0.088 0.050 0.049 0.049 0.047 0.045 0.022 0.000 0.000 0.000 0.000 0.000 0.000
   4 24 2018     4.2    51.6     0.0     0.0       0.000 0.095 0.090 0.089 0.088 0.050 0.049 0.048 0.047 0.045 0.034 0.000 0.000 0.000 0.000 0.000 0.000
   5 24 2018     4.5    52.4     0.0     0.0       0.000 0.078 0.087 0.086 0.086 0.049 0.049 0.048 0.047 0.045 0.041 0.000 0.000 0.000 0.000 0.000 0.000
   6 24 2018     4.7    55.0     0.0     0.0       0.000 0.065 0.087 0.086 0.086 0.049 0.049 0.048 0.047 0.046 0.043 0.000 0.000 0.000 0.000 0.000 0.000
   7 24 2018     4.6    55.4     1.4     1.6       0.000 0.064 0.089 0.088 0.087 0.050 0.049 0.048 0.047 0.046 0.044 0.002 0.000 0.000 0.000 0.000 0.000
   8 24 2018     0.0    56.0     0.7     1.1       0.010 0.053 0.086 0.087 0.086 0.049 0.049 0.048 0.048 0.046 0.044 0.006 0.000 0.000 0.000 0.000 0.000
   9 24 2018     0.0    56.6     0.0     0.0       0.018 0.039 0.083 0.085 0.084 0.049 0.048 0.048 0.047 0.046 0.044 0.010 0.000 0.000 0.000 0.000 0.000
  10 24 2018     0.0    57.2     1.5     1.8       0.031 0.041 0.083 0.084 0.083 0.048 0.048 0.047 0.047 0.046 0.044 0.013 0.000 0.000 0.000 0.000 0.000
  11 24 2018     0.0    57.6     3.2     3.3       0.034 0.047 0.088 0.089 0.087 0.049 0.049 0.048 0.047 0.045 0.043 0.016 0.000 0.000 0.000 0.000 0.000
  12 24 2018     0.0    58.2     5.3     5.9       0.029 0.048 0.089 0.090 0.088 0.050 0.049 0.049 0.048 0.047 0.044 0.019 0.000 0.000 0.000 0.000 0.000
  13 24 2018     0.0    59.0     5.2     6.6       0.025 0.048 0.089 0.090 0.089 0.050 0.050 0.049 0.048 0.047 0.045 0.025 0.000 0.000 0.000 0.000 0.000
  14 24 2018     0.0    60.0     4.4     6.7       0.022 0.048 0.089 0.090 0.090 0.050 0.050 0.049 0.049 0.048 0.046 0.031 0.000 0.000 0.000 0.000 0.000
  15 24 2018     0.0    61.0     4.8     7.4       0.019 0.051 0.091 0.092 0.091 0.051 0.050 0.050 0.049 0.048 0.046 0.038 0.000 0.000 0.000 0.000 0.000
  16 24 2018     0.0    65.0     4.4     7.5       0.015 0.051 0.091 0.093 0.092 0.051 0.051 0.050 0.050 0.049 0.048 0.043 0.000 0.000 0.000 0.000 0.000
  17 24 2018     0.0    65.9     4.1     7.5       0.010 0.050 0.090 0.092 0.092 0.051 0.051 0.051 0.050 0.050 0.048 0.045 0.005 0.000 0.000 0.000 0.000
  18 24 2018     0.0    67.2     3.5     7.3       0.002 0.045 0.088 0.090 0.090 0.051 0.051 0.050 0.050 0.050 0.049 0.046 0.013 0.000 0.000 0.000 0.000
  19 24 2018     0.0    68.5     3.1     7.1       0.006 0.043 0.086 0.089 0.089 0.050 0.050 0.050 0.050 0.049 0.048 0.046 0.022 0.000 0.000 0.000 0.000
  20 24 2018     0.0    69.6     3.4     6.9       0.024 0.044 0.087 0.089 0.089 0.050 0.050 0.050 0.049 0.049 0.048 0.045 0.029 0.000 0.000 0.000 0.000
  21 24 2018     0.0    70.4    19.1    17.0       0.019 0.046 0.089 0.091 0.090 0.051 0.050 0.050 0.049 0.049 0.048 0.045 0.034 0.000 0.000 0.000 0.000
  22 24 2018     0.0    71.1    16.2    17.0       0.017 0.045 0.088 0.091 0.090 0.051 0.051 0.050 0.050 0.049 0.048 0.046 0.039 0.000 0.000 0.000 0.000
  23 24 2018     0.0    71.6    15.0    17.7       0.015 0.045 0.088 0.091 0.090 0.051 0.051 0.050 0.050 0.049 0.048 0.046 0.042 0.000 0.000 0.000 0.000
  24 24 2018     0.0    75.6    13.0    17.7       0.012 0.044 0.088 0.090 0.090 0.051 0.051 0.050 0.050 0.049 0.049 0.047 0.044 0.001 0.000 0.000 0.000
  25 24 2018     0.0    77.1    11.0    17.7       0.008 0.043 0.086 0.090 0.089 0.051 0.050 0.050 0.050 0.049 0.049 0.047 0.044 0.004 0.000 0.000 0.000
  26 24 2018     0.0    79.0    11.9    19.0       0.009 0.045 0.085 0.091 0.090 0.051 0.050 0.050 0.050 0.049 0.049 0.047 0.045 0.008 0.000 0.000 0.000
  27 24 2018     0.0    80.8    11.1    19.0       0.006 0.046 0.086 0.091 0.091 0.051 0.051 0.050 0.050 0.050 0.049 0.047 0.045 0.012 0.000 0.000 0.000
  28 24 2018     0.0    82.1    10.3    19.0       0.003 0.045 0.086 0.091 0.091 0.051 0.051 0.051 0.050 0.050 0.049 0.047 0.045 0.015 0.000 0.000 0.000
  29 24 2018     0.0    82.6     9.6    19.0       0.001 0.044 0.085 0.091 0.090 0.051 0.051 0.051 0.050 0.050 0.049 0.048 0.046 0.016 0.000 0.000 0.000
  30 24 2018     5.3    85.2     9.0    19.0       0.000 0.039 0.082 0.089 0.089 0.051 0.051 0.050 0.050 0.050 0.049 0.048 0.047 0.017 0.000 0.000 0.000
  31 24 2018     0.0    86.4     9.6    20.4       0.001 0.036 0.081 0.088 0.088 0.050 0.050 0.050 0.050 0.050 0.049 0.048 0.047 0.017 0.003 0.000 0.000
  32 24 2018     0.0    87.7    14.8    26.6       0.001 0.038 0.082 0.089 0.088 0.050 0.050 0.050 0.050 0.049 0.049 0.048 0.047 0.017 0.005 0.000 0.000
  33 24 2018     5.4    89.0    13.1    26.6       0.000 0.036 0.080 0.089 0.088 0.050 0.050 0.050 0.050 0.049 0.049 0.048 0.047 0.017 0.008 0.000 0.000
  34 24 2018     5.4    90.3    14.1    28.6       0.000 0.037 0.079 0.089 0.088 0.050 0.050 0.050 0.050 0.049 0.049 0.048 0.047 0.017 0.011 0.000 0.000
  35 24 2018     5.4    91.3    15.4    31.3       0.000 0.037 0.079 0.089 0.088 0.050 0.050 0.050 0.050 0.049 0.049 0.048 0.047 0.017 0.013 0.000 0.000
  36 24 2018     5.4    91.9    20.2    37.5       0.000 0.036 0.078 0.089 0.088 0.050 0.050 0.050 0.050 0.049 0.049 0.048 0.047 0.017 0.014 0.000 0.000
  37 24 2018     5.4    92.2    18.9    37.4       0.000 0.037 0.078 0.089 0.088 0.050 0.050 0.050 0.049 0.049 0.049 0.048 0.047 0.017 0.015 0.000 0.000
  38 24 2018     5.3    92.4    18.1    37.4       0.000 0.038 0.079 0.089 0.089 0.050 0.050 0.050 0.050 0.049 0.049 0.048 0.047 0.017 0.015 0.000 0.000
  39 24 2018     5.4    92.5    17.4    37.6       0.000 0.036 0.077 0.089 0.089 0.050 0.050 0.050 0.050 0.049 0.049 0.048 0.047 0.017 0.015 0.000 0.000
  40 24 2018     5.6    95.3    19.7    42.2       0.000 0.032 0.073 0.088 0.088 0.050 0.050 0.050 0.050 0.049 0.049 0.048 0.047 0.017 0.015 0.000 0.000
  41 24 2018     5.5    95.9    30.5    51.7       0.000 0.035 0.074 0.088 0.088 0.050 0.050 0.050 0.049 0.049 0.049 0.048 0.047 0.017 0.016 0.001 0.000
  42 24 2018     5.4    96.6    29.2    52.4       0.000 0.036 0.075 0.089 0.088 0.050 0.050 0.050 0.049 0.049 0.049 0.048 0.047 0.017 0.016 0.001 0.000
  43 24 2018     5.4    97.4    28.6    53.7       0.000 0.037 0.069 0.090 0.089 0.050 0.050 0.050 0.050 0.049 0.049 0.048 0.047 0.017 0.016 0.002 0.000
  44 24 2018     5.4    98.2    26.5    53.7       0.000 0.036 0.067 0.089 0.089 0.050 0.050 0.050 0.050 0.050 0.049 0.048 0.047 0.017 0.016 0.002 0.000
  45 24 2018     5.5    99.0    24.9    53.6       0.000 0.035 0.064 0.089 0.089 0.050 0.050 0.050 0.050 0.050 0.049 0.048 0.047 0.017 0.016 0.003 0.000
  46 24 2018     5.4   100.0    24.3    53.6       0.000 0.036 0.063 0.089 0.088 0.050 0.050 0.050 0.050 0.050 0.049 0.048 0.047 0.017 0.016 0.003 0.000
  47 24 2018     5.3   101.0    23.9    53.5       0.000 0.037 0.063 0.090 0.089 0.051 0.050 0.050 0.050 0.050 0.049 0.048 0.047 0.017 0.016 0.004 0.000
  48 24 2018     5.3   102.0    23.5    53.5       0.000 0.037 0.062 0.090 0.090 0.051 0.050 0.050 0.050 0.050 0.049 0.048 0.048 0.017 0.016 0.005 0.000
  49 24 2018     5.5   103.1    22.0    53.4       0.000 0.034 0.059 0.089 0.089 0.051 0.050 0.050 0.050 0.050 0.049 0.048 0.048 0.017 0.016 0.006 0.000
  50 24 2018     5.4   104.3    21.6    53.4       0.000 0.036 0.058 0.089 0.089 0.050 0.050 0.050 0.050 0.050 0.049 0.048 0.048 0.017 0.016 0.006 0.000
  51 24 2018     0.0   105.5    21.5    53.4       0.000 0.039 0.060 0.091 0.090 0.051 0.050 0.050 0.050 0.050 0.049 0.048 0.048 0.017 0.016 0.007 0.000
  52 24 2018     5.2   106.8    21.4    53.4       0.000 0.040 0.061 0.092 0.091 0.051 0.051 0.051 0.050 0.050 0.049 0.049 0.048 0.017 0.016 0.008 0.000
  53 24 2018     5.2   108.1    21.6    53.5       0.000 0.040 0.061 0.092 0.092 0.051 0.051 0.051 0.051 0.050 0.050 0.049 0.048 0.017 0.016 0.009 0.000
  54 24 2018     5.1   109.6    27.0    57.2       0.000 0.041 0.058 0.093 0.092 0.052 0.051 0.051 0.051 0.051 0.050 0.049 0.048 0.017 0.016 0.010 0.000
  55 24 2018     5.1   111.2    27.2    57.8       0.000 0.041 0.058 0.093 0.092 0.052 0.052 0.051 0.051 0.051 0.050 0.049 0.049 0.018 0.016 0.011 0.000
  56 24 2018     5.1   112.9    27.4    58.4       0.000 0.041 0.059 0.093 0.093 0.052 0.052 0.051 0.051 0.051 0.050 0.050 0.049 0.018 0.016 0.013 0.000
  57 24 2018     5.2   114.7    26.1    58.4       0.000 0.040 0.057 0.093 0.093 0.052 0.052 0.051 0.051 0.051 0.051 0.050 0.049 0.018 0.016 0.014 0.000
  58 24 2018     5.2   116.2    24.4    58.4       0.000 0.039 0.056 0.092 0.092 0.052 0.052 0.051 0.051 0.051 0.051 0.050 0.049 0.018 0.016 0.015 0.000
  59 24 2018     5.2   117.3    24.3    59.0       0.000 0.039 0.045 0.093 0.092 0.052 0.052 0.051 0.051 0.051 0.051 0.050 0.049 0.018 0.017 0.016 0.000
  60 24 2018     5.3   118.1    23.0    58.9       0.000 0.038 0.044 0.092 0.092 0.052 0.052 0.051 0.051 0.051 0.051 0.050 0.049 0.018 0.017 0.016 0.000
  61 24 2018     5.6   118.5    21.2    58.8       0.000 0.032 0.041 0.090 0.091 0.051 0.051 0.051 0.051 0.051 0.051 0.050 0.049 0.018 0.017 0.017 0.000
  62 24 2018     0.0   118.8    19.0    58.2       0.008 0.028 0.036 0.089 0.089 0.051 0.051 0.051 0.051 0.051 0.050 0.050 0.049 0.018 0.017 0.017 0.000
  63 24 2018     0.0   119.0    17.3    56.7       0.018 0.025 0.033 0.087 0.088 0.050 0.050 0.050 0.050 0.050 0.050 0.050 0.049 0.018 0.017 0.017 0.000
  64 24 2018     0.0   119.1    17.3    56.6       0.040 0.033 0.037 0.089 0.089 0.050 0.050 0.050 0.050 0.050 0.050 0.049 0.049 0.018 0.017 0.017 0.000
  65 24 2018     0.0   119.2    19.2    57.8       0.048 0.035 0.029 0.091 0.091 0.051 0.051 0.051 0.050 0.050 0.050 0.049 0.049 0.018 0.017 0.017 0.000
  66 24 2018     0.0   119.2    18.1    57.8       0.049 0.034 0.028 0.091 0.091 0.051 0.051 0.051 0.051 0.051 0.050 0.049 0.049 0.018 0.017 0.017 0.000
  67 24 2018     0.0   119.2    16.8    57.9       0.046 0.030 0.026 0.090 0.091 0.051 0.051 0.051 0.051 0.051 0.050 0.050 0.049 0.018 0.017 0.017 0.000
  68 24 2018     0.0   119.3    17.4    60.3       0.041 0.028 0.021 0.089 0.090 0.051 0.051 0.051 0.051 0.051 0.050 0.050 0.049 0.018 0.017 0.017 0.000
  69 24 2018     0.0   119.3    17.8    60.9       0.046 0.033 0.017 0.090 0.090 0.051 0.051 0.051 0.050 0.050 0.050 0.050 0.049 0.018 0.017 0.017 0.000
  70 24 2018     0.0   119.4    16.4    60.9       0.040 0.032 0.017 0.091 0.090 0.051 0.051 0.051 0.051 0.051 0.050 0.050 0.049 0.018 0.017 0.017 0.000
  71 24 2018     0.0   119.4    15.4    60.6       0.032 0.028 0.014 0.090 0.090 0.051 0.051 0.051 0.051 0.051 0.050 0.050 0.049 0.018 0.017 0.017 0.000
  72 24 2018     0.0   119.4    13.6    58.3       0.023 0.024 0.011 0.088 0.089 0.051 0.051 0.051 0.051 0.050 0.050 0.050 0.049 0.018 0.017 0.017 0.000
  73 24 2018     0.0   119.5    10.4    47.9       0.012 0.020 0.008 0.087 0.088 0.050 0.050 0.050 0.050 0.050 0.050 0.050 0.049 0.018 0.017 0.017 0.000
  74 24 2018     0.0   119.5    10.3    47.7       0.016 0.015 0.006 0.085 0.086 0.050 0.050 0.050 0.050 0.050 0.050 0.049 0.049 0.018 0.017 0.017 0.000
  75 24 2018     0.0   119.5     9.5    46.6       0.020 0.021 0.004 0.085 0.086 0.050 0.050 0.050 0.050 0.050 0.049 0.049 0.049 0.018 0.017 0.017 0.000
  76 24 2018     0.0   119.5     6.9    37.1       0.019 0.020 0.003 0.086 0.086 0.050 0.050 0.050 0.050 0.050 0.049 0.049 0.049 0.018 0.017 0.017 0.000
  77 24 2018     0.0   119.4     9.6    40.0       0.031 0.020 0.001 0.086 0.086 0.050 0.050 0.050 0.050 0.050 0.049 0.049 0.049 0.018 0.017 0.017 0.000
  78 24 2018     0.0   119.4     8.9    39.9       0.041 0.025 0.001 0.087 0.087 0.050 0.050 0.050 0.050 0.050 0.049 0.049 0.049 0.018 0.017 0.017 0.000
  79 24 2018     0.0   119.4     9.4    40.4       0.050 0.028 0.003 0.089 0.089 0.050 0.050 0.050 0.050 0.050 0.049 0.049 0.049 0.018 0.017 0.017 0.000
  80 24 2018    14.0   119.4     7.6    40.3       0.020 0.020 0.000 0.088 0.089 0.051 0.050 0.050 0.050 0.050 0.050 0.049 0.049 0.018 0.017 0.017 0.000
  81 24 2018    14.1   119.3     5.5    35.8       0.003 0.011 0.000 0.086 0.087 0.050 0.050 0.050 0.050 0.050 0.050 0.049 0.049 0.018 0.017 0.017 0.000
  82 24 2018    14.2   119.4     5.4    29.6       0.030 0.012 0.000 0.083 0.084 0.049 0.049 0.049 0.049 0.050 0.049 0.049 0.049 0.018 0.017 0.017 0.000
  83 24 2018    14.2   119.4     2.8    17.3       0.018 0.009 0.000 0.084 0.085 0.049 0.049 0.049 0.049 0.049 0.049 0.049 0.049 0.018 0.017 0.017 0.000
  84 24 2018    14.2   119.3     1.9     9.7       0.022 0.004 0.000 0.084 0.084 0.049 0.049 0.049 0.049 0.049 0.049 0.049 0.048 0.018 0.017 0.017 0.000
  85 24 2018    14.2   119.3     5.4    11.0       0.031 0.008 0.000 0.084 0.084 0.049 0.049 0.049 0.049 0.049 0.049 0.048 0.048 0.018 0.017 0.017 0.000
  86 24 2018    14.1   119.3     6.6    12.5       0.042 0.011 0.000 0.086 0.086 0.049 0.049 0.049 0.049 0.049 0.049 0.048 0.048 0.018 0.017 0.017 0.000
  87 24 2018    14.1   119.3    10.0    16.8       0.045 0.012 0.000 0.087 0.087 0.050 0.049 0.049 0.049 0.049 0.049 0.048 0.048 0.018 0.017 0.017 0.000
  88 24 2018    14.0   119.2    10.2    18.1       0.049 0.013 0.000 0.088 0.087 0.050 0.050 0.050 0.049 0.049 0.049 0.048 0.048 0.018 0.017 0.017 0.000
  89 24 2018    14.1   119.2     7.4    17.4       0.023 0.009 0.000 0.087 0.087 0.050 0.050 0.050 0.050 0.049 0.049 0.048 0.048 0.018 0.017 0.017 0.000
  90 24 2018    14.1   119.2     5.2    14.0       0.012 0.002 0.000 0.086 0.086 0.050 0.050 0.050 0.049 0.049 0.049 0.049 0.048 0.018 0.017 0.017 0.000
  91 24 2018    14.2   119.2     3.8    12.5       0.008 0.000 0.000 0.084 0.085 0.049 0.049 0.049 0.049 0.049 0.049 0.049 0.048 0.018 0.017 0.017 0.000
  92 24 2018    14.3   119.2     0.0     0.0       0.026 0.004 0.000 0.081 0.082 0.048 0.049 0.049 0.049 0.049 0.049 0.048 0.048 0.018 0.017 0.017 0.000
  93 24 2018    14.1   119.2     0.0     0.0       0.000 0.004 0.000 0.085 0.085 0.049 0.049 0.049 0.049 0.049 0.049 0.048 0.048 0.018 0.017 0.017 0.000
  94 24 2018    14.3   119.2     0.0     0.0       0.006 0.000 0.000 0.082 0.083 0.049 0.049 0.049 0.049 0.049 0.049 0.048 0.048 0.018 0.017 0.017 0.000
  95 24 2018    14.7   119.2     0.6     0.7       0.001 0.000 0.000 0.070 0.078 0.048 0.048 0.049 0.049 0.049 0.048 0.048 0.048 0.018 0.017 0.017 0.000
  96 24 2018    14.3   119.2    12.3    13.3       0.026 0.000 0.000 0.081 0.080 0.047 0.048 0.048 0.048 0.048 0.048 0.048 0.048 0.018 0.017 0.017 0.000
  97 24 2018    14.3   119.1     8.9    16.2       0.003 0.000 0.000 0.080 0.081 0.048 0.048 0.048 0.048 0.048 0.048 0.048 0.048 0.018 0.017 0.017 0.000
  98 24 2018    14.4   119.1    11.0    20.7       0.036 0.000 0.000 0.078 0.080 0.047 0.048 0.048 0.048 0.048 0.048 0.047 0.047 0.018 0.017 0.017 0.000
  99 24 2018    14.3   119.1     8.8    19.7       0.022 0.000 0.000 0.080 0.081 0.047 0.048 0.048 0.048 0.048 0.047 0.047 0.047 0.017 0.017 0.017 0.000
 100 24 2018    14.3   119.0     5.3    14.0       0.009 0.000 0.000 0.081 0.081 0.048 0.048 0.048 0.048 0.048 0.047 0.047 0.047 0.017 0.017 0.017 0.000
 101 24 2018    14.4   118.9     0.8     2.3       0.006 0.000 0.000 0.079 0.080 0.047 0.048 0.048 0.048 0.048 0.047 0.047 0.047 0.017 0.017 0.017 0.000
 102 24 2018    15.5   118.9     0.0     0.0       0.018 0.000 0.000 0.048 0.073 0.046 0.047 0.047 0.047 0.047 0.047 0.047 0.047 0.017 0.017 0.017 0.000
 103 24 2018    14.4   118.8     0.0     0.0       0.000 0.003 0.000 0.079 0.077 0.046 0.046 0.046 0.047 0.047 0.047 0.047 0.047 0.017 0.017 0.017 0.000
 104 24 2018    14.8   118.8     0.0     0.0       0.021 0.000 0.000 0.067 0.075 0.046 0.047 0.047 0.047 0.047 0.047 0.046 0.046 0.017 0.016 0.017 0.000
 105 24 2018    17.2   118.7     0.0     0.0       0.017 0.000 0.000 0.008 0.070 0.045 0.046 0.046 0.046 0.047 0.047 0.046 0.046 0.017 0.016 0.017 0.000
 106 24 2018    20.6   118.7     0.0     0.0       0.000 0.000 0.000 0.000 0.047 0.042 0.044 0.045 0.046 0.046 0.046 0.046 0.046 0.017 0.016 0.017 0.000
 107 24 2018    17.3   118.6     1.0     0.7       0.021 0.000 0.000 0.005 0.032 0.040 0.043 0.044 0.045 0.045 0.046 0.046 0.046 0.017 0.016 0.017 0.000
 108 24 2018    21.6   118.5     0.0     0.0       0.005 0.000 0.000 0.000 0.022 0.039 0.042 0.043 0.044 0.045 0.045 0.045 0.045 0.017 0.016 0.017 0.000
 109 24 2018    22.5   118.4     0.0     0.0       0.005 0.000 0.000 0.000 0.001 0.038 0.041 0.043 0.044 0.044 0.044 0.045 0.045 0.017 0.016 0.016 0.000
 110 24 2018    17.4   118.3     1.9     2.4       0.025 0.000 0.000 0.003 0.007 0.037 0.040 0.042 0.043 0.044 0.044 0.044 0.045 0.017 0.016 0.016 0.000
 111 24 2018    16.4   118.2     3.9     5.6       0.028 0.000 0.000 0.026 0.013 0.037 0.040 0.041 0.043 0.043 0.044 0.044 0.044 0.017 0.016 0.016 0.000
 112 24 2018    16.2   118.1     0.4     0.5       0.008 0.000 0.000 0.033 0.019 0.036 0.039 0.041 0.042 0.043 0.043 0.044 0.044 0.017 0.016 0.016 0.000
 113 24 2018    22.3   118.0     0.0     0.0       0.003 0.000 0.000 0.000 0.004 0.036 0.039 0.041 0.042 0.043 0.043 0.043 0.044 0.017 0.016 0.016 0.000
 114 24 2018    16.9   117.9     8.5    10.0       0.023 0.000 0.000 0.013 0.003 0.035 0.039 0.040 0.041 0.042 0.043 0.043 0.043 0.017 0.016 0.016 0.000
 115 24 2018    16.3   117.8     3.2     6.1       0.008 0.000 0.000 0.029 0.008 0.035 0.038 0.040 0.041 0.042 0.042 0.043 0.043 0.016 0.016 0.016 0.000
 116 24 2018    16.0   117.6     0.0     0.0       0.013 0.000 0.000 0.038 0.013 0.035 0.038 0.040 0.041 0.042 0.042 0.042 0.043 0.016 0.016 0.016 0.000
 117 24 2018    22.5   117.5     0.0     0.0       0.030 0.000 0.000 0.000 0.001 0.034 0.038 0.039 0.040 0.041 0.042 0.042 0.043 0.016 0.016 0.016 0.000
 118 24 2018    22.5   117.4     0.0     0.0       0.000 0.000 0.000 0.000 0.001 0.034 0.037 0.039 0.040 0.041 0.041 0.042 0.042 0.016 0.015 0.016 0.000
 119 24 2018    22.5   117.2     0.0     0.0       0.000 0.000 0.000 0.000 0.001 0.034 0.037 0.039 0.040 0.041 0.041 0.042 0.042 0.016 0.015 0.016 0.000
 120 24 2018    22.5   117.1     0.0     0.0       0.000 0.000 0.000 0.000 0.001 0.033 0.037 0.038 0.040 0.040 0.041 0.041 0.042 0.016 0.015 0.015 0.000
 121 24 2018    22.5   116.9     0.4     0.6       0.000 0.000 0.000 0.000 0.001 0.033 0.036 0.038 0.039 0.040 0.041 0.041 0.041 0.016 0.015 0.015 0.000
 122 24 2018    17.5   116.8    11.0    17.9       0.000 0.000 0.000 0.001 0.001 0.032 0.036 0.038 0.039 0.040 0.040 0.041 0.041 0.016 0.015 0.015 0.000
 123 24 2018    17.4   116.6    20.7    37.6       0.000 0.000 0.000 0.002 0.002 0.032 0.036 0.038 0.039 0.040 0.040 0.041 0.041 0.016 0.015 0.015 0.000
 124 24 2018    17.4   116.5    16.0    33.3       0.000 0.000 0.000 0.002 0.005 0.032 0.035 0.037 0.039 0.039 0.040 0.040 0.041 0.016 0.015 0.015 0.000
 125 24 2018    17.5   116.3     9.8    22.2       0.000 0.000 0.000 0.000 0.008 0.032 0.035 0.037 0.038 0.039 0.040 0.040 0.040 0.016 0.015 0.015 0.000
 126 24 2018    17.3   116.1     4.7    11.4       0.002 0.000 0.000 0.004 0.011 0.032 0.035 0.037 0.038 0.039 0.039 0.040 0.040 0.016 0.015 0.015 0.000
 127 24 2018    22.5   115.9     0.0     0.0       0.000 0.000 0.000 0.000 0.001 0.031 0.035 0.037 0.038 0.039 0.039 0.040 0.040 0.016 0.015 0.015 0.000
 128 24 2018    22.5   115.8     0.0     0.0       0.001 0.000 0.000 0.000 0.001 0.031 0.035 0.036 0.038 0.039 0.039 0.039 0.040 0.015 0.014 0.014 0.000
 129 24 2018    22.5   115.6     0.0     0.0       0.000 0.000 0.000 0.000 0.001 0.031 0.034 0.036 0.037 0.038 0.039 0.039 0.039 0.015 0.014 0.014 0.000
 130 24 2018    22.5   115.4     0.0     0.0       0.000 0.000 0.000 0.000 0.001 0.031 0.034 0.036 0.037 0.038 0.038 0.039 0.039 0.015 0.014 0.014 0.000
 131 24 2018    22.5   115.2     0.0     0.0       0.000 0.000 0.000 0.000 0.001 0.030 0.034 0.036 0.037 0.038 0.038 0.039 0.039 0.015 0.014 0.014 0.000
 132 24 2018    22.5   115.0     0.0     0.0       0.000 0.000 0.000 0.000 0.001 0.030 0.034 0.036 0.037 0.038 0.038 0.039 0.039 0.015 0.014 0.014 0.000
 133 24 2018    22.5   114.8     0.0     0.0       0.000 0.000 0.000 0.000 0.001 0.030 0.033 0.035 0.037 0.038 0.038 0.038 0.038 0.015 0.014 0.014 0.000
 134 24 2018    22.5   114.5     0.0     0.0       0.000 0.000 0.000 0.000 0.001 0.030 0.033 0.035 0.036 0.037 0.038 0.038 0.038 0.015 0.014 0.014 0.000
 135 24 2018    22.5   114.3     0.0     0.0       0.000 0.000 0.000 0.000 0.001 0.029 0.033 0.035 0.036 0.037 0.037 0.038 0.038 0.015 0.014 0.013 0.000
 136 24 2018    22.5   114.0     0.0     0.0       0.000 0.000 0.000 0.000 0.001 0.029 0.033 0.035 0.036 0.037 0.037 0.038 0.038 0.015 0.014 0.013 0.000
 137 24 2018    22.5   113.8     0.0     0.0       0.000 0.000 0.000 0.000 0.001 0.029 0.033 0.035 0.036 0.037 0.037 0.038 0.038 0.015 0.014 0.013 0.000
 138 24 2018    22.5   113.5     0.0     0.0       0.000 0.000 0.000 0.000 0.001 0.029 0.032 0.034 0.036 0.037 0.037 0.037 0.037 0.015 0.014 0.013 0.000
 139 24 2018    22.5   113.3     3.6     5.6       0.000 0.000 0.000 0.000 0.001 0.029 0.032 0.034 0.035 0.036 0.037 0.037 0.037 0.015 0.013 0.013 0.000
 140 24 2018    22.5   113.0     0.0     0.0       0.008 0.000 0.000 0.000 0.001 0.028 0.032 0.034 0.035 0.036 0.037 0.037 0.037 0.015 0.013 0.012 0.000
 141 24 2018    22.5   112.7     0.0     0.0       0.000 0.000 0.000 0.000 0.001 0.028 0.032 0.034 0.035 0.036 0.036 0.037 0.037 0.014 0.013 0.012 0.000
 142 24 2018    22.5   112.4     0.0     0.0       0.000 0.000 0.000 0.000 0.001 0.028 0.032 0.034 0.035 0.036 0.036 0.037 0.037 0.014 0.013 0.012 0.000
 143 24 2018    22.5   112.1     0.0     0.0       0.000 0.000 0.000 0.000 0.001 0.028 0.032 0.034 0.035 0.036 0.036 0.036 0.036 0.014 0.013 0.012 0.000
 144 24 2018    22.5   111.7     0.0     0.0       0.000 0.000 0.000 0.000 0.001 0.028 0.031 0.033 0.035 0.036 0.036 0.036 0.036 0.014 0.013 0.012 0.000
 145 24 2018    22.4   111.4     0.0     0.0       0.000 0.000 0.000 0.000 0.001 0.027 0.031 0.033 0.034 0.035 0.036 0.036 0.036 0.014 0.013 0.011 0.000
 146 24 2018    22.4   111.0     0.0     0.0       0.000 0.000 0.000 0.000 0.001 0.027 0.031 0.033 0.034 0.035 0.036 0.036 0.036 0.014 0.013 0.011 0.000
 147 24 2018    22.4   110.7     0.0     0.0       0.000 0.000 0.000 0.000 0.001 0.027 0.031 0.033 0.034 0.035 0.035 0.036 0.036 0.014 0.013 0.011 0.000
 148 24 2018    22.4   110.3     0.0     0.0       0.000 0.000 0.000 0.000 0.001 0.027 0.031 0.033 0.034 0.035 0.035 0.036 0.035 0.014 0.013 0.011 0.000
 149 24 2018    22.4   109.9     0.0     0.0       0.000 0.000 0.000 0.000 0.001 0.027 0.031 0.033 0.034 0.035 0.035 0.035 0.035 0.014 0.012 0.010 0.000
 150 24 2018    22.4   109.5     0.0     0.0       0.000 0.000 0.000 0.000 0.001 0.027 0.030 0.032 0.034 0.035 0.035 0.035 0.035 0.014 0.012 0.010 0.000
 151 24 2018    22.4   109.1     0.0     0.0       0.000 0.000 0.000 0.000 0.001 0.026 0.030 0.032 0.034 0.034 0.035 0.035 0.035 0.014 0.012 0.010 0.000
 152 24 2018    22.4   108.7     0.0     0.0       0.000 0.000 0.000 0.000 0.001 0.026 0.030 0.032 0.033 0.034 0.035 0.035 0.035 0.014 0.012 0.009 0.000
 153 24 2018    22.4   108.3     0.0     0.0       0.000 0.000 0.000 0.000 0.001 0.026 0.030 0.032 0.033 0.034 0.035 0.035 0.035 0.014 0.012 0.009 0.000
 154 24 2018    22.4   107.8     0.0     0.0       0.000 0.000 0.000 0.000 0.001 0.026 0.030 0.032 0.033 0.034 0.034 0.035 0.034 0.014 0.012 0.009 0.000
 155 24 2018    22.4   107.4     0.0     0.0       0.000 0.000 0.000 0.000 0.001 0.026 0.030 0.032 0.033 0.034 0.034 0.035 0.034 0.014 0.012 0.008 0.000
 156 24 2018    22.4   106.9     0.0     0.0       0.000 0.000 0.000 0.000 0.001 0.026 0.030 0.032 0.033 0.034 0.034 0.034 0.034 0.014 0.012 0.008 0.000
 157 24 2018    22.4   106.5     0.0     0.0       0.000 0.000 0.000 0.000 0.001 0.026 0.029 0.031 0.033 0.034 0.034 0.034 0.034 0.014 0.012 0.008 0.000
 158 24 2018    22.4   106.0     0.0     0.0       0.000 0.000 0.000 0.000 0.001 0.026 0.029 0.031 0.033 0.034 0.034 0.034 0.034 0.013 0.012 0.007 0.000
 159 24 2018    22.4   105.5     0.0     0.0       0.000 0.000 0.000 0.000 0.001 0.025 0.029 0.031 0.032 0.033 0.034 0.034 0.034 0.013 0.012 0.007 0.000
 160 24 2018    22.4   105.0     0.0     0.0       0.000 0.000 0.000 0.000 0.001 0.025 0.029 0.031 0.032 0.033 0.034 0.034 0.034 0.013 0.012 0.007 0.000
 161 24 2018    22.4   104.5     0.0     0.0       0.000 0.000 0.000 0.000 0.001 0.025 0.029 0.031 0.032 0.033 0.033 0.034 0.033 0.013 0.012 0.006 0.000
 162 24 2018    22.4   104.0     0.0     0.0       0.000 0.000 0.000 0.000 0.001 0.025 0.029 0.031 0.032 0.033 0.033 0.034 0.033 0.013 0.011 0.006 0.000
 163 24 2018    22.4   103.4     0.0     0.0       0.000 0.000 0.000 0.000 0.001 0.025 0.029 0.031 0.032 0.033 0.033 0.033 0.033 0.013 0.011 0.006 0.000
 164 24 2018    22.4   102.9     0.0     0.0       0.000 0.000 0.000 0.000 0.001 0.025 0.029 0.031 0.032 0.033 0.033 0.033 0.033 0.013 0.011 0.005 0.000
 165 24 2018    22.4   102.3     0.0     0.0       0.000 0.000 0.000 0.000 0.001 0.025 0.028 0.030 0.032 0.033 0.033 0.033 0.033 0.013 0.011 0.005 0.000
 166 24 2018    22.4   101.8     0.0     0.0       0.000 0.000 0.000 0.000 0.001 0.024 0.028 0.030 0.032 0.033 0.033 0.033 0.033 0.013 0.011 0.005 0.000
 167 24 2018    22.4   101.2     0.0     0.0       0.000 0.000 0.000 0.000 0.002 0.024 0.028 0.030 0.032 0.032 0.033 0.033 0.033 0.013 0.011 0.004 0.000
 168 24 2018    22.4   100.6     0.0     0.0       0.000 0.000 0.000 0.000 0.002 0.024 0.028 0.030 0.031 0.032 0.033 0.033 0.032 0.013 0.011 0.004 0.000
 169 24 2018    22.4   100.0     0.0     0.0       0.000 0.000 0.000 0.000 0.002 0.024 0.028 0.030 0.031 0.032 0.033 0.033 0.032 0.013 0.011 0.003 0.000
 170 24 2018    22.4    99.4     0.0     0.0       0.000 0.000 0.000 0.000 0.002 0.024 0.028 0.030 0.031 0.032 0.032 0.033 0.032 0.013 0.011 0.003 0.000
 171 24 2018    22.4    98.8     0.0     0.0       0.000 0.000 0.000 0.000 0.002 0.024 0.028 0.030 0.031 0.032 0.032 0.033 0.032 0.013 0.011 0.003 0.000
 172 24 2018    22.4    98.2     0.0     0.0       0.000 0.000 0.000 0.000 0.002 0.024 0.028 0.030 0.031 0.032 0.032 0.032 0.032 0.013 0.011 0.002 0.000
 173 24 2018    22.4    97.6     0.0     0.0       0.000 0.000 0.000 0.000 0.002 0.024 0.028 0.030 0.031 0.032 0.032 0.032 0.032 0.013 0.011 0.002 0.000
 174 24 2018    22.4    96.9     0.0     0.0       0.000 0.000 0.000 0.000 0.002 0.024 0.027 0.029 0.031 0.032 0.032 0.032 0.032 0.013 0.011 0.001 0.000
 175 24 2018    22.4    96.3     0.0     0.0       0.000 0.000 0.000 0.000 0.002 0.024 0.027 0.029 0.031 0.032 0.032 0.032 0.032 0.013 0.011 0.001 0.000
 176 24 2018    22.4    95.6     0.0     0.0       0.000 0.000 0.000 0.000 0.002 0.023 0.027 0.029 0.031 0.031 0.032 0.032 0.032 0.013 0.011 0.000 0.000
 177 24 2018    22.4    90.3     0.0     0.0       0.000 0.000 0.000 0.000 0.002 0.023 0.027 0.029 0.030 0.031 0.032 0.032 0.031 0.013 0.011 0.000 0.000
 178 24 2018    22.4    90.0     0.0     0.0       0.000 0.000 0.000 0.000 0.002 0.023 0.027 0.029 0.030 0.031 0.032 0.032 0.031 0.013 0.010 0.000 0.000
 179 24 2018    22.4    89.6     0.0     0.0       0.000 0.000 0.000 0.000 0.002 0.023 0.027 0.029 0.030 0.031 0.032 0.032 0.031 0.013 0.009 0.000 0.000
 180 24 2018    22.4    89.1     0.0     0.0       0.000 0.000 0.000 0.000 0.002 0.023 0.027 0.029 0.030 0.031 0.031 0.032 0.031 0.012 0.008 0.000 0.000
 181 24 2018    22.4    88.7     0.0     0.0       0.000 0.000 0.000 0.000 0.002 0.023 0.027 0.029 0.030 0.031 0.031 0.031 0.031 0.012 0.007 0.000 0.000
 182 24 2018    22.4    88.1     0.0     0.0       0.000 0.000 0.000 0.000 0.002 0.023 0.027 0.029 0.030 0.031 0.031 0.031 0.031 0.012 0.006 0.000 0.000
 183 24 2018    22.4    87.6     0.0     0.0       0.000 0.000 0.000 0.000 0.002 0.023 0.027 0.029 0.030 0.031 0.031 0.031 0.031 0.012 0.005 0.000 0.000
 184 24 2018    22.4    87.1     0.0     0.0       0.000 0.000 0.000 0.000 0.002 0.023 0.027 0.029 0.030 0.031 0.031 0.031 0.031 0.012 0.004 0.000 0.000
 185 24 2018    22.4    86.5     0.0     0.0       0.000 0.000 0.000 0.000 0.002 0.023 0.026 0.028 0.030 0.031 0.031 0.031 0.030 0.012 0.003 0.000 0.000
 186 24 2018    22.4    86.0     0.0     0.0       0.000 0.000 0.000 0.000 0.002 0.022 0.026 0.028 0.030 0.031 0.031 0.031 0.030 0.012 0.002 0.000 0.000
 187 24 2018    22.4    85.4     0.0     0.0       0.000 0.000 0.000 0.000 0.002 0.022 0.026 0.028 0.030 0.030 0.031 0.031 0.030 0.012 0.001 0.000 0.000
 188 24 2018    22.4    80.5     0.0     0.0       0.000 0.000 0.000 0.000 0.002 0.022 0.026 0.028 0.029 0.030 0.031 0.031 0.030 0.012 0.000 0.000 0.000
 189 24 2018    22.4    80.2     0.0     0.0       0.000 0.000 0.000 0.000 0.002 0.022 0.026 0.028 0.029 0.030 0.031 0.031 0.030 0.011 0.000 0.000 0.000
 190 24 2018    22.4    79.9     0.0     0.0       0.000 0.000 0.000 0.000 0.002 0.022 0.026 0.028 0.029 0.030 0.030 0.031 0.030 0.010 0.000 0.000 0.000
 191 24 2018    22.4    79.5     0.0     0.0       0.000 0.000 0.000 0.000 0.002 0.022 0.026 0.028 0.029 0.030 0.030 0.030 0.029 0.009 0.000 0.000 0.000
 192 24 2018    22.4    79.2     0.0     0.0       0.000 0.000 0.000 0.000 0.002 0.022 0.026 0.028 0.029 0.030 0.030 0.030 0.029 0.009 0.000 0.000 0.000
 193 24 2018    22.4    78.8     0.0     0.0       0.000 0.000 0.000 0.000 0.002 0.022 0.026 0.028 0.029 0.030 0.030 0.030 0.029 0.008 0.000 0.000 0.000
 194 24 2018    22.4    78.4     0.0     0.0       0.000 0.000 0.000 0.000 0.002 0.022 0.026 0.028 0.029 0.030 0.030 0.030 0.028 0.007 0.000 0.000 0.000
 195 24 2018    22.4    78.0     0.0     0.0       0.000 0.000 0.000 0.000 0.002 0.022 0.026 0.028 0.029 0.030 0.030 0.030 0.028 0.006 0.000 0.000 0.000
 196 24 2018    22.4    77.5     0.0     0.0       0.000 0.000 0.000 0.000 0.002 0.022 0.025 0.027 0.029 0.030 0.030 0.030 0.028 0.005 0.000 0.000 0.000
 197 24 2018    22.4    77.1     0.0     0.0       0.000 0.000 0.000 0.000 0.002 0.022 0.025 0.027 0.029 0.030 0.030 0.030 0.028 0.004 0.000 0.000 0.000
 198 24 2018    22.4    76.7     0.0     0.0       0.000 0.000 0.000 0.000 0.002 0.021 0.025 0.027 0.029 0.029 0.030 0.029 0.027 0.003 0.000 0.000 0.000
 199 24 2018    22.4    76.2     0.0     0.0       0.000 0.000 0.000 0.000 0.002 0.021 0.025 0.027 0.029 0.029 0.030 0.029 0.027 0.002 0.000 0.000 0.000
 200 24 2018    22.4    75.7     0.0     0.0       0.000 0.000 0.000 0.000 0.002 0.021 0.025 0.027 0.028 0.029 0.029 0.029 0.027 0.001 0.000 0.000 0.000
 201 24 2018    22.4    75.2     0.0     0.0       0.000 0.000 0.000 0.000 0.002 0.021 0.025 0.027 0.028 0.029 0.029 0.029 0.027 0.000 0.000 0.000 0.000
 202 24 2018    22.4    75.1     0.0     0.0       0.000 0.000 0.000 0.000 0.002 0.021 0.025 0.027 0.028 0.029 0.029 0.029 0.026 0.000 0.000 0.000 0.000
 203 24 2018    22.4    75.1     0.0     0.0       0.000 0.000 0.000 0.000 0.002 0.021 0.025 0.027 0.028 0.029 0.029 0.029 0.026 0.000 0.000 0.000 0.000
 204 24 2018    22.4    75.1     0.0     0.0       0.000 0.000 0.000 0.000 0.002 0.021 0.025 0.027 0.028 0.029 0.029 0.029 0.026 0.000 0.000 0.000 0.000
 205 24 2018    22.4    75.1     0.0     0.0       0.000 0.000 0.000 0.000 0.002 0.021 0.025 0.027 0.028 0.029 0.029 0.028 0.026 0.000 0.000 0.000 0.000
 206 24 2018    22.4    75.1     0.0     0.0       0.000 0.000 0.000 0.000 0.002 0.021 0.025 0.027 0.028 0.029 0.029 0.028 0.026 0.000 0.000 0.000 0.000
 207 24 2018    31.7    69.1     0.0     0.0       0.000 0.000 0.000 0.000 0.000 0.000 0.010 0.026 0.028 0.029 0.029 0.028 0.025 0.000 0.000 0.000 0.000
 208 24 2018    41.7    68.9     0.0     0.0       0.000 0.000 0.000 0.000 0.000 0.000 0.000 0.000 0.010 0.028 0.029 0.028 0.024 0.000 0.000 0.000 0.000
 209 24 2018    47.5    68.8     0.0     0.0       0.000 0.000 0.000 0.000 0.000 0.000 0.000 0.000 0.000 0.000 0.028 0.028 0.023 0.000 0.000 0.000 0.000
 210 24 2018    54.2    68.6     0.0     0.0       0.000 0.000 0.000 0.000 0.000 0.000 0.000 0.000 0.000 0.000 0.006 0.027 0.023 0.000 0.000 0.000 0.000
 211 24 2018    61.4    68.5     0.0     0.0       0.000 0.000 0.000 0.000 0.000 0.000 0.000 0.000 0.000 0.000 0.000 0.022 0.021 0.000 0.000 0.000 0.000
 212 24 2018    67.2    68.3     0.0     0.0       0.000 0.000 0.000 0.000 0.000 0.000 0.000 0.000 0.000 0.000 0.000 0.000 0.020 0.000 0.000 0.000 0.000
 213 24 2018    66.2    66.5     0.0     0.0       0.000 0.000 0.000 0.000 0.000 0.000 0.000 0.000 0.000 0.000 0.000 0.000 0.009 0.000 0.000 0.000 0.000
 214 24 2018    65.0    65.0     0.0     0.0       0.000 0.000 0.000 0.000 0.000 0.000 0.000 0.000 0.000 0.000 0.000 0.000 0.000 0.000 0.000 0.000 0.000
 215 24 2018    65.0    65.0     0.0     0.0       0.000 0.000 0.000 0.000 0.000 0.000 0.000 0.000 0.000 0.000 0.000 0.000 0.000 0.000 0.000 0.000 0.000

 266 24 2018     0.0     0.0     0.0     0.0       0.000 0.000 0.000 0.000 0.000 0.000 0.000 0.000 0.000 0.000 0.000 0.000 0.000 0.000 0.000 0.000 0.000
 267 24 2018     0.0     0.2     0.0     0.0       0.003 0.000 0.000 0.000 0.000 0.000 0.000 0.000 0.000 0.000 0.000 0.000 0.000 0.000 0.000 0.000 0.000
 268 24 2018     0.0     0.0     0.0     0.0       0.000 0.000 0.000 0.000 0.000 0.000 0.000 0.000 0.000 0.000 0.000 0.000 0.000 0.000 0.000 0.000 0.000

 279 24 2018     0.0     0.0     0.0     0.0       0.000 0.000 0.000 0.000 0.000 0.000 0.000 0.000 0.000 0.000 0.000 0.000 0.000 0.000 0.000 0.000 0.000
 280 24 2018     0.0     0.1     0.0     0.0       0.003 0.000 0.000 0.000 0.000 0.000 0.000 0.000 0.000 0.000 0.000 0.000 0.000 0.000 0.000 0.000 0.000
 281 24 2018     0.0     0.2     2.7     3.5       0.004 0.000 0.000 0.000 0.000 0.000 0.000 0.000 0.000 0.000 0.000 0.000 0.000 0.000 0.000 0.000 0.000
 282 24 2018     0.0     0.0     4.6     6.4       0.000 0.000 0.000 0.000 0.000 0.000 0.000 0.000 0.000 0.000 0.000 0.000 0.000 0.000 0.000 0.000 0.000
 283 24 2018     0.0     0.0    10.2    13.5       0.000 0.000 0.000 0.000 0.000 0.000 0.000 0.000 0.000 0.000 0.000 0.000 0.000 0.000 0.000 0.000 0.000
 284 24 2018     0.0     0.0     5.9    11.7       0.000 0.000 0.000 0.000 0.000 0.000 0.000 0.000 0.000 0.000 0.000 0.000 0.000 0.000 0.000 0.000 0.000
 285 24 2018     0.0     0.6     4.2     9.0       0.015 0.000 0.000 0.000 0.000 0.000 0.000 0.000 0.000 0.000 0.000 0.000 0.000 0.000 0.000 0.000 0.000
 286 24 2018     0.0     0.6     4.1     7.1       0.018 0.000 0.000 0.000 0.000 0.000 0.000 0.000 0.000 0.000 0.000 0.000 0.000 0.000 0.000 0.000 0.000
 287 24 2018     0.0     0.0     6.5    12.7       0.000 0.000 0.000 0.000 0.000 0.000 0.000 0.000 0.000 0.000 0.000 0.000 0.000 0.000 0.000 0.000 0.000
 288 24 2018     0.0     0.2     6.0    12.7       0.008 0.000 0.000 0.000 0.000 0.000 0.000 0.000 0.000 0.000 0.000 0.000 0.000 0.000 0.000 0.000 0.000
 289 24 2018     0.0     1.0     5.1    11.9       0.035 0.000 0.000 0.000 0.000 0.000 0.000 0.000 0.000 0.000 0.000 0.000 0.000 0.000 0.000 0.000 0.000
 290 24 2018     0.0     0.3     4.2    10.7       0.008 0.000 0.000 0.000 0.000 0.000 0.000 0.000 0.000 0.000 0.000 0.000 0.000 0.000 0.000 0.000 0.000
 291 24 2018     0.0     0.0     3.6     9.6       0.000 0.000 0.000 0.000 0.000 0.000 0.000 0.000 0.000 0.000 0.000 0.000 0.000 0.000 0.000 0.000 0.000
 292 24 2018     0.0     0.0     2.3     6.4       0.000 0.000 0.000 0.000 0.000 0.000 0.000 0.000 0.000 0.000 0.000 0.000 0.000 0.000 0.000 0.000 0.000
 293 24 2018     0.0     0.8     0.3     0.8       0.022 0.000 0.000 0.000 0.000 0.000 0.000 0.000 0.000 0.000 0.000 0.000 0.000 0.000 0.000 0.000 0.000
 294 24 2018     0.0     0.4     0.0     0.0       0.010 0.000 0.000 0.000 0.000 0.000 0.000 0.000 0.000 0.000 0.000 0.000 0.000 0.000 0.000 0.000 0.000
 295 24 2018     0.0     0.0     0.0     0.0       0.000 0.000 0.000 0.000 0.000 0.000 0.000 0.000 0.000 0.000 0.000 0.000 0.000 0.000 0.000 0.000 0.000

 298 24 2018     0.0     0.0     0.0     0.0       0.000 0.000 0.000 0.000 0.000 0.000 0.000 0.000 0.000 0.000 0.000 0.000 0.000 0.000 0.000 0.000 0.000
 299 24 2018     0.0     0.1     0.0     0.0       0.002 0.000 0.000 0.000 0.000 0.000 0.000 0.000 0.000 0.000 0.000 0.000 0.000 0.000 0.000 0.000 0.000
 300 24 2018     0.0     0.1     0.0     0.0       0.002 0.000 0.000 0.000 0.000 0.000 0.000 0.000 0.000 0.000 0.000 0.000 0.000 0.000 0.000 0.000 0.000
 301 24 2018     0.0     0.0     0.0     0.0       0.000 0.000 0.000 0.000 0.000 0.000 0.000 0.000 0.000 0.000 0.000 0.000 0.000 0.000 0.000 0.000 0.000

 301 24 2018     0.0     0.0     0.0     0.0       0.000 0.000 0.000 0.000 0.000 0.000 0.000 0.000 0.000 0.000 0.000 0.000 0.000 0.000 0.000 0.000 0.000
 302 24 2018     0.0     0.1     0.0     0.0       0.002 0.000 0.000 0.000 0.000 0.000 0.000 0.000 0.000 0.000 0.000 0.000 0.000 0.000 0.000 0.000 0.000
 303 24 2018     0.0     0.7     6.9     8.2       0.022 0.000 0.000 0.000 0.000 0.000 0.000 0.000 0.000 0.000 0.000 0.000 0.000 0.000 0.000 0.000 0.000
 304 24 2018     0.0     0.5     6.2     9.7       0.017 0.000 0.000 0.000 0.000 0.000 0.000 0.000 0.000 0.000 0.000 0.000 0.000 0.000 0.000 0.000 0.000
 305 24 2018     0.0     0.0     5.1    10.4       0.000 0.000 0.000 0.000 0.000 0.000 0.000 0.000 0.000 0.000 0.000 0.000 0.000 0.000 0.000 0.000 0.000
 306 24 2018     0.0     0.0     1.8     3.6       0.000 0.000 0.000 0.000 0.000 0.000 0.000 0.000 0.000 0.000 0.000 0.000 0.000 0.000 0.000 0.000 0.000
 307 24 2018     0.0     0.0     0.4     0.7       0.000 0.000 0.000 0.000 0.000 0.000 0.000 0.000 0.000 0.000 0.000 0.000 0.000 0.000 0.000 0.000 0.000
 308 24 2018     0.0     0.1     0.0     0.0       0.003 0.000 0.000 0.000 0.000 0.000 0.000 0.000 0.000 0.000 0.000 0.000 0.000 0.000 0.000 0.000 0.000
 309 24 2018     0.0     0.2     0.0     0.0       0.006 0.000 0.000 0.000 0.000 0.000 0.000 0.000 0.000 0.000 0.000 0.000 0.000 0.000 0.000 0.000 0.000
 310 24 2018     0.0     0.7     0.0     0.0       0.021 0.000 0.000 0.000 0.000 0.000 0.000 0.000 0.000 0.000 0.000 0.000 0.000 0.000 0.000 0.000 0.000
 311 24 2018     0.0     0.9     1.1     0.8       0.030 0.000 0.000 0.000 0.000 0.000 0.000 0.000 0.000 0.000 0.000 0.000 0.000 0.000 0.000 0.000 0.000
 312 24 2018    17.9    17.9     1.1     1.0       0.037 0.000 0.000 0.000 0.009 0.000 0.000 0.000 0.000 0.000 0.000 0.000 0.000 0.000 0.000 0.000 0.000
 313 24 2018    18.6    19.1     1.1     1.2       0.030 0.000 0.000 0.000 0.034 0.000 0.000 0.000 0.000 0.000 0.000 0.000 0.000 0.000 0.000 0.000 0.000
 314 24 2018    18.7    19.8     1.4     1.7       0.020 0.000 0.000 0.000 0.051 0.000 0.000 0.000 0.000 0.000 0.000 0.000 0.000 0.000 0.000 0.000 0.000
 315 24 2018    18.7    20.1     7.9     8.2       0.030 0.000 0.000 0.000 0.058 0.000 0.000 0.000 0.000 0.000 0.000 0.000 0.000 0.000 0.000 0.000 0.000
 316 24 2018    18.7    20.1     7.2     8.9       0.039 0.000 0.000 0.000 0.058 0.000 0.000 0.000 0.000 0.000 0.000 0.000 0.000 0.000 0.000 0.000 0.000
 317 24 2018    18.7    20.2     5.9     9.0       0.040 0.000 0.000 0.000 0.059 0.000 0.000 0.000 0.000 0.000 0.000 0.000 0.000 0.000 0.000 0.000 0.000
 318 24 2018    18.7    20.2     4.9     8.9       0.023 0.000 0.000 0.000 0.060 0.000 0.000 0.000 0.000 0.000 0.000 0.000 0.000 0.000 0.000 0.000 0.000
 319 24 2018    18.7    20.1     4.4     8.9       0.020 0.000 0.000 0.000 0.059 0.000 0.000 0.000 0.000 0.000 0.000 0.000 0.000 0.000 0.000 0.000 0.000
 320 24 2018    19.7    22.8     4.3     9.0       0.025 0.000 0.000 0.000 0.063 0.001 0.000 0.000 0.000 0.000 0.000 0.000 0.000 0.000 0.000 0.000 0.000
 321 24 2018    19.6    27.8     8.2    12.8       0.038 0.000 0.000 0.000 0.065 0.002 0.001 0.000 0.000 0.000 0.000 0.000 0.000 0.000 0.000 0.000 0.000
 322 24 2018    19.5    28.3     7.3    12.9       0.040 0.000 0.000 0.000 0.066 0.003 0.004 0.000 0.000 0.000 0.000 0.000 0.000 0.000 0.000 0.000 0.000
 323 24 2018    19.4    28.6     6.8    12.9       0.047 0.000 0.000 0.000 0.068 0.004 0.005 0.000 0.000 0.000 0.000 0.000 0.000 0.000 0.000 0.000 0.000
 324 24 2018    19.4    28.9     6.4    12.9       0.045 0.000 0.000 0.000 0.069 0.005 0.007 0.000 0.000 0.000 0.000 0.000 0.000 0.000 0.000 0.000 0.000
 325 24 2018    19.4    29.0     5.9    12.9       0.035 0.000 0.000 0.000 0.070 0.005 0.007 0.000 0.000 0.000 0.000 0.000 0.000 0.000 0.000 0.000 0.000
 326 24 2018    19.4    29.0     5.6    12.9       0.022 0.000 0.000 0.000 0.068 0.005 0.007 0.000 0.000 0.000 0.000 0.000 0.000 0.000 0.000 0.000 0.000
 327 24 2018    19.6    28.8     4.6    12.6       0.000 0.000 0.000 0.000 0.064 0.004 0.006 0.000 0.000 0.000 0.000 0.000 0.000 0.000 0.000 0.000 0.000
 328 24 2018    19.8    28.3     7.3    16.7       0.023 0.000 0.000 0.000 0.060 0.002 0.004 0.000 0.000 0.000 0.000 0.000 0.000 0.000 0.000 0.000 0.000
 329 24 2018    19.8    28.0     7.5    17.3       0.047 0.000 0.000 0.000 0.060 0.001 0.002 0.000 0.000 0.000 0.000 0.000 0.000 0.000 0.000 0.000 0.000
 330 24 2018    19.5    28.4     7.2    17.2       0.054 0.000 0.000 0.000 0.067 0.004 0.004 0.000 0.000 0.000 0.000 0.000 0.000 0.000 0.000 0.000 0.000
 331 24 2018    19.3    29.0     7.2    17.3       0.056 0.000 0.000 0.000 0.070 0.005 0.007 0.000 0.000 0.000 0.000 0.000 0.000 0.000 0.000 0.000 0.000
 332 24 2018    19.3    29.2     8.2    19.8       0.046 0.000 0.000 0.000 0.070 0.006 0.008 0.000 0.000 0.000 0.000 0.000 0.000 0.000 0.000 0.000 0.000
 333 24 2018    19.4    29.1     8.1    19.8       0.048 0.000 0.000 0.000 0.068 0.005 0.007 0.000 0.000 0.000 0.000 0.000 0.000 0.000 0.000 0.000 0.000
 334 24 2018    19.4    29.1     8.6    20.3       0.050 0.000 0.000 0.000 0.070 0.006 0.008 0.000 0.000 0.000 0.000 0.000 0.000 0.000 0.000 0.000 0.000
 335 24 2018    19.3    32.6     8.5    20.3       0.057 0.000 0.000 0.000 0.070 0.006 0.008 0.000 0.000 0.000 0.000 0.000 0.000 0.000 0.000 0.000 0.000
 336 24 2018    19.3    32.8     8.4    20.4       0.060 0.000 0.000 0.000 0.072 0.007 0.009 0.001 0.000 0.000 0.000 0.000 0.000 0.000 0.000 0.000 0.000
 337 24 2018    19.2    33.1     9.0    21.0       0.059 0.000 0.000 0.000 0.073 0.007 0.009 0.002 0.000 0.000 0.000 0.000 0.000 0.000 0.000 0.000 0.000
 338 24 2018    19.1    37.6     8.9    21.0       0.063 0.000 0.000 0.000 0.074 0.008 0.010 0.002 0.000 0.000 0.000 0.000 0.000 0.000 0.000 0.000 0.000
 339 24 2018    19.1    37.9    10.0    22.2       0.062 0.000 0.000 0.000 0.075 0.008 0.010 0.003 0.001 0.000 0.000 0.000 0.000 0.000 0.000 0.000 0.000
 340 24 2018    19.2    42.5     9.0    22.6       0.058 0.000 0.000 0.000 0.073 0.008 0.010 0.003 0.001 0.000 0.000 0.000 0.000 0.000 0.000 0.000 0.000
 341 24 2018    19.2    37.8     8.9    22.6       0.062 0.000 0.000 0.000 0.073 0.007 0.010 0.003 0.001 0.000 0.000 0.000 0.000 0.000 0.000 0.000 0.000
 342 24 2018    19.2    37.8     8.8    22.6       0.064 0.000 0.000 0.000 0.073 0.007 0.010 0.003 0.001 0.000 0.000 0.000 0.000 0.000 0.000 0.000 0.000
 343 24 2018    19.2    37.8     8.7    22.5       0.067 0.000 0.000 0.000 0.073 0.008 0.010 0.003 0.001 0.000 0.000 0.000 0.000 0.000 0.000 0.000 0.000
 344 24 2018    19.2    42.5     8.6    22.5       0.066 0.000 0.000 0.000 0.074 0.008 0.010 0.003 0.001 0.000 0.000 0.000 0.000 0.000 0.000 0.000 0.000
 345 24 2018    19.2    42.6     8.7    22.5       0.068 0.000 0.000 0.000 0.074 0.008 0.010 0.003 0.001 0.000 0.000 0.000 0.000 0.000 0.000 0.000 0.000
 346 24 2018    65.0    65.0    10.0    23.7       0.068 0.000 0.000 0.000 0.074 0.008 0.010 0.003 0.002 0.000 0.000 0.000 0.000 0.000 0.000 0.000 0.000
 347 24 2018    65.3    65.3     9.7    23.7       0.069 0.000 0.000 0.000 0.075 0.008 0.011 0.003 0.002 0.001 0.000 0.000 0.002 0.000 0.000 0.000 0.000
 348 24 2018    65.6    65.7     9.2    23.7       0.067 0.000 0.000 0.000 0.074 0.008 0.011 0.004 0.002 0.001 0.000 0.000 0.004 0.000 0.000 0.000 0.000
 349 24 2018    66.0    66.1     9.0    23.7       0.064 0.000 0.000 0.000 0.073 0.008 0.010 0.003 0.002 0.001 0.000 0.000 0.007 0.000 0.000 0.000 0.000
 350 24 2018    66.3    66.6     8.4    23.6       0.056 0.000 0.000 0.000 0.072 0.008 0.010 0.003 0.002 0.001 0.000 0.000 0.010 0.000 0.000 0.000 0.000
 351 24 2018    66.6    67.0     8.0    23.6       0.048 0.000 0.000 0.000 0.072 0.007 0.010 0.003 0.001 0.000 0.000 0.000 0.012 0.000 0.000 0.000 0.000
 352 24 2018    66.8    67.3     8.1    23.7       0.051 0.000 0.000 0.000 0.072 0.007 0.010 0.003 0.001 0.000 0.000 0.000 0.014 0.000 0.000 0.000 0.000
 353 24 2018    66.9    67.6    11.5    26.8       0.056 0.000 0.000 0.000 0.072 0.007 0.010 0.003 0.001 0.000 0.000 0.000 0.016 0.000 0.000 0.000 0.000
 354 24 2018    67.0    67.9    10.9    26.8       0.058 0.000 0.000 0.000 0.073 0.008 0.010 0.003 0.001 0.000 0.000 0.000 0.018 0.000 0.000 0.000 0.000
 355 24 2018    67.2    68.2    10.6    26.8       0.059 0.000 0.000 0.000 0.072 0.008 0.010 0.003 0.001 0.000 0.000 0.000 0.019 0.000 0.000 0.000 0.000
 356 24 2018    67.3    68.5    12.8    28.7       0.063 0.000 0.000 0.000 0.073 0.008 0.010 0.003 0.001 0.000 0.000 0.000 0.022 0.000 0.000 0.000 0.000
 357 24 2018    67.4    68.9    12.2    28.7       0.064 0.000 0.000 0.000 0.074 0.008 0.010 0.003 0.002 0.000 0.000 0.000 0.024 0.000 0.000 0.000 0.000
 358 24 2018    67.5    69.3    13.1    30.0       0.064 0.000 0.000 0.000 0.074 0.008 0.011 0.003 0.002 0.001 0.000 0.000 0.027 0.000 0.000 0.000 0.000
 359 24 2018    67.5    69.8    12.6    30.0       0.067 0.000 0.000 0.000 0.074 0.008 0.011 0.004 0.002 0.001 0.000 0.000 0.030 0.000 0.000 0.000 0.000
 360 24 2018    67.5    70.3    12.8    30.7       0.067 0.000 0.000 0.000 0.074 0.008 0.011 0.004 0.002 0.001 0.000 0.000 0.033 0.000 0.000 0.000 0.000
 361 24 2018    67.4    70.8    12.6    30.7       0.070 0.000 0.000 0.000 0.075 0.009 0.011 0.004 0.002 0.001 0.000 0.000 0.037 0.000 0.000 0.000 0.000
 362 24 2018    67.3    71.3    13.3    31.4       0.071 0.001 0.000 0.000 0.076 0.009 0.011 0.004 0.003 0.001 0.000 0.000 0.040 0.000 0.000 0.000 0.000
 363 24 2018    67.2    71.7    12.8    31.4       0.070 0.000 0.000 0.000 0.076 0.009 0.012 0.005 0.003 0.002 0.001 0.000 0.042 0.000 0.000 0.000 0.000
 364 24 2018    68.1    75.8    12.7    31.4       0.071 0.000 0.000 0.000 0.076 0.009 0.012 0.005 0.003 0.002 0.001 0.000 0.044 0.002 0.000 0.000 0.000
