AVERAGE PREDICTED LIQUID WATER CONTENT FOR EACH NODE (M3/M3)
  DY HR  YR   0.00  0.05  0.10  0.15  0.20  0.25  0.30  0.35  0.40  0.45  0.50  0.60  0.70  0.80  0.90  1.00  1.50
   1  1 2018 0.048 0.050 0.038 0.039 0.040 0.015 0.016 0.017 0.019 0.026 0.060 0.060 0.060 0.020 0.020 0.020 0.020
   1 24 2018 0.048 0.048 0.037 0.038 0.039 0.015 0.015 0.017 0.019 0.024 0.060 0.060 0.060 0.020 0.020 0.020 0.020
   2 24 2018 0.048 0.046 0.035 0.036 0.037 0.014 0.014 0.016 0.017 0.020 0.057 0.060 0.060 0.020 0.020 0.020 0.020
   3 24 2018 0.044 0.049 0.036 0.037 0.037 0.014 0.014 0.015 0.016 0.019 0.046 0.060 0.060 0.020 0.020 0.020 0.020
   4 24 2018 0.039 0.049 0.037 0.037 0.038 0.014 0.014 0.015 0.017 0.019 0.034 0.060 0.060 0.020 0.020 0.020 0.020
   5 24 2018 0.034 0.053 0.039 0.039 0.040 0.014 0.015 0.016 0.017 0.019 0.024 0.060 0.060 0.020 0.020 0.020 0.020
   6 24 2018 0.037 0.052 0.039 0.040 0.041 0.015 0.015 0.016 0.017 0.018 0.021 0.060 0.060 0.020 0.020 0.020 0.020
   7 24 2018 0.039 0.049 0.038 0.039 0.040 0.015 0.015 0.016 0.017 0.018 0.020 0.059 0.060 0.020 0.020 0.020 0.020
   8 24 2018 0.045 0.051 0.039 0.039 0.040 0.014 0.015 0.016 0.016 0.017 0.019 0.056 0.060 0.020 0.020 0.020 0.020
   9 24 2018 0.054 0.055 0.041 0.041 0.041 0.015 0.015 0.016 0.016 0.017 0.019 0.052 0.060 0.020 0.020 0.020 0.020
  10 24 2018 0.058 0.057 0.043 0.043 0.043 0.015 0.016 0.016 0.017 0.018 0.019 0.049 0.060 0.020 0.020 0.020 0.020
  11 24 2018 0.046 0.049 0.038 0.040 0.042 0.015 0.016 0.017 0.017 0.018 0.020 0.046 0.060 0.020 0.020 0.020 0.020
  12 24 2018 0.046 0.048 0.037 0.038 0.039 0.014 0.015 0.016 0.017 0.018 0.020 0.044 0.060 0.020 0.020 0.020 0.020
  13 24 2018 0.046 0.047 0.036 0.037 0.038 0.014 0.014 0.015 0.016 0.017 0.019 0.040 0.060 0.020 0.020 0.020 0.020
  14 24 2018 0.046 0.047 0.036 0.037 0.038 0.014 0.014 0.015 0.015 0.016 0.018 0.034 0.060 0.020 0.020 0.020 0.020
  15 24 2018 0.044 0.045 0.035 0.036 0.037 0.013 0.014 0.014 0.015 0.016 0.017 0.028 0.060 0.020 0.020 0.020 0.020
  16 24 2018 0.042 0.044 0.034 0.035 0.036 0.013 0.013 0.014 0.015 0.016 0.017 0.022 0.060 0.020 0.020 0.020 0.020
  17 24 2018 0.045 0.045 0.034 0.035 0.035 0.013 0.013 0.013 0.014 0.015 0.016 0.019 0.058 0.020 0.020 0.020 0.020
  18 24 2018 0.048 0.048 0.036 0.036 0.036 0.013 0.013 0.013 0.014 0.015 0.015 0.018 0.051 0.020 0.020 0.020 0.020
  19 24 2018 0.049 0.050 0.037 0.038 0.038 0.013 0.014 0.014 0.014 0.015 0.015 0.018 0.044 0.020 0.020 0.020 0.020
  20 24 2018 0.049 0.049 0.037 0.038 0.038 0.014 0.014 0.014 0.015 0.015 0.016 0.018 0.037 0.020 0.020 0.020 0.020
  21 24 2018 0.045 0.047 0.036 0.037 0.038 0.014 0.014 0.014 0.015 0.015 0.016 0.018 0.031 0.020 0.020 0.020 0.020
  22 24 2018 0.046 0.047 0.036 0.036 0.037 0.013 0.014 0.014 0.015 0.015 0.016 0.018 0.026 0.020 0.019 0.020 0.020
  23 24 2018 0.046 0.047 0.036 0.037 0.037 0.013 0.014 0.014 0.014 0.015 0.016 0.018 0.023 0.020 0.019 0.020 0.020
  24 24 2018 0.047 0.048 0.036 0.037 0.037 0.013 0.014 0.014 0.014 0.015 0.015 0.017 0.020 0.020 0.019 0.020 0.020
  25 24 2018 0.048 0.049 0.037 0.037 0.038 0.013 0.014 0.014 0.014 0.015 0.015 0.017 0.019 0.018 0.019 0.020 0.020
  26 24 2018 0.046 0.048 0.037 0.037 0.038 0.013 0.014 0.014 0.014 0.015 0.015 0.017 0.019 0.014 0.019 0.020 0.020
  27 24 2018 0.045 0.046 0.036 0.036 0.037 0.013 0.014 0.014 0.014 0.015 0.015 0.017 0.019 0.011 0.019 0.020 0.020
  28 24 2018 0.045 0.046 0.035 0.036 0.036 0.013 0.013 0.014 0.014 0.014 0.015 0.016 0.019 0.007 0.019 0.020 0.020
  29 24 2018 0.046 0.047 0.036 0.036 0.037 0.013 0.013 0.014 0.014 0.014 0.015 0.016 0.018 0.006 0.019 0.020 0.020
  30 24 2018 0.048 0.049 0.037 0.037 0.037 0.013 0.013 0.014 0.014 0.014 0.015 0.016 0.017 0.005 0.019 0.020 0.020
  31 24 2018 0.050 0.051 0.038 0.038 0.038 0.014 0.014 0.014 0.014 0.014 0.015 0.016 0.017 0.005 0.018 0.020 0.020
  32 24 2018 0.049 0.050 0.038 0.038 0.039 0.014 0.014 0.014 0.014 0.015 0.015 0.016 0.017 0.005 0.016 0.020 0.020
  33 24 2018 0.049 0.050 0.038 0.038 0.039 0.014 0.014 0.014 0.014 0.015 0.015 0.016 0.017 0.005 0.013 0.020 0.020
  34 24 2018 0.049 0.050 0.038 0.039 0.039 0.014 0.014 0.014 0.014 0.015 0.015 0.016 0.017 0.005 0.011 0.020 0.020
  35 24 2018 0.048 0.050 0.038 0.038 0.039 0.014 0.014 0.014 0.014 0.015 0.015 0.016 0.017 0.005 0.008 0.020 0.020
  36 24 2018 0.048 0.050 0.038 0.039 0.039 0.014 0.014 0.014 0.015 0.015 0.015 0.016 0.017 0.005 0.007 0.020 0.020
  37 24 2018 0.048 0.050 0.038 0.038 0.039 0.014 0.014 0.014 0.015 0.015 0.015 0.016 0.017 0.004 0.006 0.020 0.020
  38 24 2018 0.047 0.049 0.038 0.038 0.039 0.014 0.014 0.014 0.015 0.015 0.015 0.016 0.017 0.004 0.006 0.020 0.020
  39 24 2018 0.047 0.050 0.037 0.038 0.038 0.014 0.014 0.014 0.014 0.015 0.015 0.016 0.017 0.004 0.005 0.020 0.020
  40 24 2018 0.048 0.051 0.038 0.039 0.039 0.014 0.014 0.014 0.014 0.015 0.015 0.016 0.017 0.004 0.005 0.020 0.020
  41 24 2018 0.049 0.052 0.039 0.039 0.040 0.014 0.014 0.014 0.015 0.015 0.015 0.016 0.016 0.004 0.005 0.020 0.020
  42 24 2018 0.048 0.050 0.038 0.039 0.039 0.014 0.014 0.014 0.015 0.015 0.015 0.016 0.016 0.004 0.005 0.019 0.020
  43 24 2018 0.047 0.049 0.037 0.038 0.039 0.014 0.014 0.014 0.014 0.015 0.015 0.016 0.016 0.004 0.005 0.019 0.020
  44 24 2018 0.047 0.050 0.038 0.038 0.038 0.014 0.014 0.014 0.014 0.015 0.015 0.016 0.016 0.004 0.005 0.018 0.020
  45 24 2018 0.047 0.050 0.038 0.038 0.039 0.014 0.014 0.014 0.014 0.015 0.015 0.016 0.016 0.004 0.005 0.018 0.020
  46 24 2018 0.048 0.050 0.038 0.038 0.039 0.014 0.014 0.014 0.014 0.015 0.015 0.015 0.016 0.004 0.005 0.017 0.020
  47 24 2018 0.047 0.049 0.037 0.038 0.038 0.014 0.014 0.014 0.014 0.015 0.015 0.015 0.016 0.004 0.005 0.017 0.020
  48 24 2018 0.046 0.048 0.037 0.037 0.038 0.013 0.014 0.014 0.014 0.014 0.015 0.015 0.016 0.004 0.005 0.016 0.020
  49 24 2018 0.046 0.049 0.037 0.037 0.038 0.013 0.014 0.014 0.014 0.014 0.015 0.015 0.016 0.004 0.005 0.015 0.020
  50 24 2018 0.048 0.050 0.038 0.038 0.038 0.014 0.014 0.014 0.014 0.014 0.015 0.015 0.016 0.004 0.005 0.014 0.020
  51 24 2018 0.046 0.048 0.037 0.038 0.038 0.014 0.014 0.014 0.014 0.014 0.015 0.015 0.016 0.004 0.005 0.014 0.020
  52 24 2018 0.044 0.046 0.035 0.036 0.037 0.013 0.013 0.014 0.014 0.014 0.015 0.015 0.016 0.004 0.005 0.013 0.020
  53 24 2018 0.043 0.045 0.035 0.035 0.036 0.013 0.013 0.013 0.014 0.014 0.014 0.015 0.016 0.004 0.005 0.012 0.020
  54 24 2018 0.042 0.045 0.034 0.035 0.035 0.013 0.013 0.013 0.013 0.014 0.014 0.015 0.016 0.004 0.005 0.011 0.020
  55 24 2018 0.042 0.045 0.034 0.035 0.035 0.012 0.013 0.013 0.013 0.014 0.014 0.015 0.015 0.004 0.005 0.010 0.020
  56 24 2018 0.042 0.045 0.034 0.035 0.035 0.012 0.013 0.013 0.013 0.013 0.014 0.014 0.015 0.004 0.005 0.009 0.020
  57 24 2018 0.042 0.045 0.034 0.035 0.035 0.012 0.013 0.013 0.013 0.013 0.014 0.014 0.015 0.004 0.004 0.008 0.020
  58 24 2018 0.043 0.046 0.035 0.035 0.035 0.012 0.013 0.013 0.013 0.013 0.013 0.014 0.015 0.004 0.004 0.007 0.020
  59 24 2018 0.043 0.046 0.035 0.035 0.035 0.012 0.013 0.013 0.013 0.013 0.013 0.014 0.015 0.004 0.004 0.006 0.020
  60 24 2018 0.044 0.046 0.035 0.035 0.035 0.012 0.013 0.013 0.013 0.013 0.013 0.014 0.015 0.004 0.004 0.005 0.020
  61 24 2018 0.046 0.049 0.036 0.036 0.036 0.013 0.013 0.013 0.013 0.013 0.013 0.014 0.015 0.004 0.004 0.005 0.020
  62 24 2018 0.053 0.052 0.038 0.037 0.037 0.013 0.013 0.013 0.013 0.013 0.014 0.014 0.014 0.004 0.004 0.004 0.020
  63 24 2018 0.057 0.054 0.039 0.039 0.039 0.013 0.013 0.014 0.014 0.014 0.014 0.014 0.015 0.004 0.004 0.004 0.020
  64 24 2018 0.049 0.051 0.039 0.039 0.039 0.014 0.014 0.014 0.014 0.014 0.014 0.014 0.015 0.004 0.004 0.004 0.020
  65 24 2018 0.046 0.047 0.036 0.037 0.037 0.013 0.014 0.014 0.014 0.014 0.014 0.014 0.015 0.004 0.004 0.004 0.020
  66 24 2018 0.046 0.046 0.035 0.036 0.036 0.013 0.013 0.013 0.014 0.014 0.014 0.014 0.015 0.004 0.004 0.004 0.020
  67 24 2018 0.049 0.048 0.036 0.036 0.036 0.013 0.013 0.013 0.013 0.014 0.014 0.014 0.015 0.004 0.004 0.004 0.020
  68 24 2018 0.052 0.050 0.037 0.037 0.037 0.013 0.013 0.013 0.013 0.014 0.014 0.014 0.015 0.004 0.004 0.004 0.020
  69 24 2018 0.049 0.050 0.037 0.038 0.038 0.013 0.013 0.013 0.014 0.014 0.014 0.014 0.015 0.004 0.004 0.004 0.020
  70 24 2018 0.047 0.047 0.036 0.037 0.037 0.013 0.013 0.013 0.014 0.014 0.014 0.014 0.015 0.004 0.004 0.004 0.020
  71 24 2018 0.051 0.049 0.037 0.037 0.037 0.013 0.013 0.013 0.013 0.014 0.014 0.014 0.015 0.004 0.004 0.004 0.020
  72 24 2018 0.057 0.052 0.038 0.038 0.038 0.013 0.013 0.013 0.014 0.014 0.014 0.014 0.015 0.004 0.004 0.004 0.020
  73 24 2018 0.057 0.055 0.040 0.039 0.039 0.014 0.014 0.014 0.014 0.014 0.014 0.014 0.015 0.003 0.004 0.004 0.020
  74 24 2018 0.063 0.059 0.042 0.041 0.040 0.014 0.014 0.014 0.014 0.014 0.014 0.014 0.015 0.004 0.004 0.004 0.020
  75 24 2018 0.057 0.057 0.042 0.041 0.041 0.014 0.014 0.014 0.014 0.014 0.014 0.015 0.015 0.004 0.004 0.004 0.020
  76 24 2018 0.053 0.053 0.040 0.041 0.041 0.014 0.014 0.014 0.015 0.015 0.015 0.015 0.015 0.004 0.004 0.004 0.020
  77 24 2018 0.058 0.054 0.040 0.040 0.041 0.014 0.014 0.014 0.015 0.015 0.015 0.015 0.015 0.004 0.004 0.004 0.020
  78 24 2018 0.051 0.051 0.039 0.040 0.040 0.014 0.014 0.014 0.015 0.015 0.015 0.015 0.015 0.004 0.004 0.004 0.020
  79 24 2018 0.047 0.048 0.037 0.038 0.039 0.014 0.014 0.014 0.014 0.015 0.015 0.015 0.015 0.004 0.004 0.004 0.020
  80 24 2018 0.054 0.050 0.037 0.038 0.038 0.014 0.014 0.014 0.014 0.014 0.015 0.015 0.015 0.004 0.004 0.004 0.020
  81 24 2018 0.066 0.056 0.039 0.040 0.039 0.014 0.014 0.014 0.014 0.014 0.014 0.015 0.015 0.004 0.004 0.004 0.020
  82 24 2018 0.073 0.065 0.039 0.042 0.041 0.014 0.014 0.014 0.014 0.014 0.015 0.015 0.015 0.004 0.004 0.004 0.020
  83 24 2018 0.056 0.056 0.039 0.042 0.042 0.015 0.015 0.015 0.015 0.015 0.015 0.015 0.015 0.004 0.004 0.004 0.020
  84 24 2018 0.059 0.058 0.038 0.042 0.042 0.015 0.015 0.015 0.015 0.015 0.015 0.015 0.015 0.004 0.004 0.004 0.020
  85 24 2018 0.060 0.057 0.039 0.042 0.042 0.015 0.015 0.015 0.015 0.015 0.015 0.015 0.015 0.004 0.004 0.004 0.020
  86 24 2018 0.051 0.052 0.039 0.041 0.042 0.015 0.015 0.015 0.015 0.015 0.015 0.015 0.016 0.004 0.004 0.004 0.020
  87 24 2018 0.051 0.051 0.039 0.040 0.041 0.015 0.015 0.015 0.015 0.015 0.015 0.015 0.016 0.004 0.004 0.004 0.020
  88 24 2018 0.049 0.050 0.039 0.040 0.040 0.014 0.014 0.015 0.015 0.015 0.015 0.015 0.016 0.004 0.004 0.004 0.020
  89 24 2018 0.052 0.051 0.037 0.039 0.039 0.014 0.014 0.014 0.015 0.015 0.015 0.015 0.016 0.004 0.004 0.004 0.020
  90 24 2018 0.057 0.055 0.036 0.040 0.040 0.014 0.014 0.014 0.015 0.015 0.015 0.015 0.016 0.004 0.004 0.004 0.020
  91 24 2018 0.062 0.057 0.036 0.042 0.041 0.015 0.015 0.015 0.015 0.015 0.015 0.015 0.016 0.004 0.004 0.004 0.020
  92 24 2018 0.061 0.057 0.036 0.044 0.043 0.015 0.015 0.015 0.015 0.015 0.015 0.015 0.016 0.004 0.004 0.004 0.020
  93 24 2018 0.034 0.048 0.036 0.042 0.042 0.015 0.015 0.015 0.015 0.015 0.015 0.015 0.016 0.004 0.004 0.004 0.020
  94 24 2018 0.040 0.048 0.036 0.042 0.041 0.015 0.015 0.015 0.015 0.015 0.015 0.015 0.016 0.004 0.004 0.004 0.020
  95 24 2018 0.052 0.048 0.036 0.047 0.044 0.015 0.015 0.015 0.015 0.015 0.015 0.016 0.016 0.004 0.004 0.004 0.020
  96 24 2018 0.056 0.048 0.036 0.049 0.048 0.017 0.016 0.016 0.016 0.016 0.016 0.016 0.016 0.004 0.004 0.004 0.020
  97 24 2018 0.068 0.048 0.036 0.045 0.045 0.016 0.016 0.016 0.016 0.016 0.016 0.016 0.016 0.004 0.004 0.004 0.020
  98 24 2018 0.082 0.049 0.036 0.047 0.046 0.016 0.016 0.016 0.016 0.016 0.016 0.016 0.016 0.004 0.004 0.004 0.020
  99 24 2018 0.060 0.049 0.036 0.046 0.046 0.017 0.016 0.016 0.016 0.016 0.016 0.016 0.016 0.004 0.004 0.004 0.020
 100 24 2018 0.056 0.049 0.036 0.045 0.045 0.016 0.016 0.016 0.016 0.016 0.016 0.016 0.017 0.004 0.004 0.004 0.020
 101 24 2018 0.057 0.049 0.037 0.046 0.046 0.016 0.016 0.016 0.016 0.016 0.016 0.017 0.017 0.004 0.004 0.004 0.020
 102 24 2018 0.053 0.049 0.037 0.058 0.048 0.017 0.017 0.016 0.016 0.016 0.017 0.017 0.017 0.004 0.004 0.004 0.020
 103 24 2018 0.042 0.048 0.037 0.055 0.052 0.018 0.018 0.017 0.017 0.017 0.017 0.017 0.017 0.004 0.004 0.004 0.020
 104 24 2018 0.049 0.048 0.037 0.050 0.047 0.017 0.017 0.017 0.017 0.017 0.017 0.017 0.017 0.004 0.004 0.004 0.020
 105 24 2018 0.055 0.050 0.037 0.072 0.052 0.018 0.017 0.017 0.017 0.017 0.017 0.017 0.017 0.004 0.004 0.004 0.020
 106 24 2018 0.054 0.049 0.037 0.112 0.062 0.020 0.019 0.018 0.018 0.018 0.017 0.017 0.017 0.004 0.004 0.004 0.020
 107 24 2018 0.056 0.049 0.037 0.120 0.085 0.022 0.020 0.019 0.019 0.018 0.018 0.018 0.018 0.004 0.004 0.004 0.020
 108 24 2018 0.048 0.048 0.037 0.108 0.090 0.024 0.021 0.020 0.019 0.019 0.018 0.018 0.018 0.004 0.004 0.005 0.020
 109 24 2018 0.048 0.048 0.036 0.114 0.103 0.025 0.022 0.021 0.020 0.019 0.019 0.018 0.018 0.004 0.004 0.005 0.020
 110 24 2018 0.065 0.048 0.036 0.119 0.117 0.026 0.023 0.021 0.020 0.020 0.019 0.019 0.019 0.004 0.005 0.005 0.020
 111 24 2018 0.057 0.048 0.036 0.105 0.111 0.026 0.023 0.022 0.021 0.020 0.020 0.019 0.019 0.005 0.005 0.005 0.020
 112 24 2018 0.058 0.048 0.037 0.091 0.105 0.027 0.024 0.022 0.021 0.021 0.020 0.020 0.019 0.005 0.005 0.005 0.020
 113 24 2018 0.057 0.049 0.037 0.098 0.103 0.027 0.024 0.023 0.022 0.021 0.020 0.020 0.020 0.005 0.005 0.005 0.020
 114 24 2018 0.058 0.049 0.037 0.116 0.120 0.027 0.024 0.023 0.022 0.021 0.021 0.020 0.020 0.005 0.005 0.005 0.020
 115 24 2018 0.058 0.049 0.037 0.098 0.116 0.028 0.025 0.023 0.022 0.022 0.021 0.020 0.020 0.005 0.005 0.005 0.020
 116 24 2018 0.055 0.049 0.037 0.087 0.111 0.028 0.025 0.024 0.023 0.022 0.021 0.021 0.020 0.005 0.005 0.005 0.020
 117 24 2018 0.065 0.041 0.050 0.092 0.109 0.028 0.026 0.024 0.023 0.022 0.022 0.021 0.021 0.005 0.005 0.005 0.020
 118 24 2018 0.084 0.019 0.105 0.114 0.120 0.029 0.026 0.024 0.023 0.022 0.022 0.021 0.021 0.005 0.005 0.005 0.020
 119 24 2018 0.063 0.029 0.060 0.104 0.120 0.029 0.026 0.024 0.023 0.023 0.022 0.022 0.021 0.005 0.005 0.005 0.020
 120 24 2018 0.054 0.031 0.036 0.104 0.120 0.030 0.026 0.025 0.024 0.023 0.022 0.022 0.022 0.005 0.005 0.006 0.020
 121 24 2018 0.067 0.032 0.035 0.105 0.120 0.030 0.027 0.025 0.024 0.023 0.023 0.022 0.022 0.005 0.005 0.006 0.020
 122 24 2018 0.079 0.033 0.034 0.105 0.120 0.030 0.027 0.025 0.024 0.023 0.023 0.022 0.022 0.005 0.005 0.006 0.020
 123 24 2018 0.089 0.033 0.034 0.104 0.120 0.030 0.027 0.025 0.024 0.024 0.023 0.022 0.022 0.005 0.006 0.006 0.020
 124 24 2018 0.093 0.034 0.034 0.103 0.117 0.031 0.027 0.026 0.025 0.024 0.023 0.023 0.022 0.006 0.006 0.006 0.020
 125 24 2018 0.065 0.034 0.034 0.104 0.115 0.031 0.028 0.026 0.025 0.024 0.024 0.023 0.023 0.006 0.006 0.006 0.020
 126 24 2018 0.060 0.035 0.034 0.102 0.112 0.031 0.028 0.026 0.025 0.024 0.024 0.023 0.023 0.006 0.006 0.006 0.020
 127 24 2018 0.058 0.035 0.033 0.101 0.112 0.031 0.028 0.026 0.025 0.025 0.024 0.023 0.023 0.006 0.006 0.006 0.020
 128 24 2018 0.054 0.037 0.033 0.105 0.120 0.031 0.028 0.027 0.025 0.025 0.024 0.024 0.023 0.006 0.006 0.006 0.020
 129 24 2018 0.055 0.038 0.033 0.106 0.120 0.032 0.029 0.027 0.026 0.025 0.024 0.024 0.024 0.006 0.006 0.007 0.020
 130 24 2018 0.055 0.039 0.033 0.107 0.120 0.032 0.029 0.027 0.026 0.025 0.025 0.024 0.024 0.006 0.006 0.007 0.020
 131 24 2018 0.063 0.040 0.033 0.108 0.120 0.032 0.029 0.027 0.026 0.025 0.025 0.024 0.024 0.006 0.006 0.007 0.020
 132 24 2018 0.068 0.041 0.033 0.109 0.120 0.032 0.029 0.027 0.026 0.025 0.025 0.024 0.024 0.006 0.006 0.007 0.020
 133 24 2018 0.077 0.042 0.033 0.110 0.120 0.033 0.029 0.028 0.026 0.026 0.025 0.025 0.024 0.006 0.006 0.007 0.020
 134 24 2018 0.083 0.042 0.033 0.110 0.120 0.033 0.030 0.028 0.027 0.026 0.025 0.025 0.025 0.006 0.007 0.007 0.020
 135 24 2018 0.070 0.043 0.033 0.111 0.120 0.033 0.030 0.028 0.027 0.026 0.025 0.025 0.025 0.006 0.007 0.007 0.020
 136 24 2018 0.055 0.044 0.033 0.112 0.120 0.033 0.030 0.028 0.027 0.026 0.026 0.025 0.025 0.006 0.007 0.008 0.020
 137 24 2018 0.057 0.045 0.033 0.113 0.120 0.033 0.030 0.028 0.027 0.026 0.026 0.025 0.025 0.006 0.007 0.008 0.020
 138 24 2018 0.065 0.045 0.033 0.115 0.120 0.034 0.030 0.028 0.027 0.027 0.026 0.025 0.025 0.006 0.007 0.008 0.020
 139 24 2018 0.079 0.045 0.033 0.115 0.120 0.034 0.030 0.029 0.027 0.027 0.026 0.026 0.026 0.007 0.007 0.008 0.020
 140 24 2018 0.083 0.045 0.033 0.115 0.120 0.034 0.031 0.029 0.028 0.027 0.026 0.026 0.026 0.007 0.007 0.008 0.020
 141 24 2018 0.065 0.046 0.034 0.115 0.120 0.034 0.031 0.029 0.028 0.027 0.026 0.026 0.026 0.007 0.007 0.008 0.020
 142 24 2018 0.061 0.047 0.034 0.117 0.120 0.034 0.031 0.029 0.028 0.027 0.027 0.026 0.026 0.007 0.007 0.009 0.020
 143 24 2018 0.057 0.047 0.034 0.118 0.120 0.035 0.031 0.029 0.028 0.027 0.027 0.026 0.026 0.007 0.007 0.009 0.020
 144 24 2018 0.054 0.047 0.034 0.119 0.120 0.035 0.031 0.029 0.028 0.027 0.027 0.026 0.027 0.007 0.007 0.009 0.020
 145 24 2018 0.057 0.046 0.034 0.079 0.120 0.035 0.031 0.030 0.028 0.028 0.027 0.027 0.027 0.007 0.008 0.009 0.020
 146 24 2018 0.058 0.046 0.034 0.012 0.120 0.035 0.032 0.030 0.029 0.028 0.027 0.027 0.027 0.007 0.008 0.009 0.020
 147 24 2018 0.058 0.046 0.033 0.015 0.120 0.035 0.032 0.030 0.029 0.028 0.027 0.027 0.027 0.007 0.008 0.010 0.020
 148 24 2018 0.064 0.046 0.032 0.017 0.120 0.035 0.032 0.030 0.029 0.028 0.028 0.027 0.027 0.007 0.008 0.010 0.020
 149 24 2018 0.061 0.046 0.031 0.019 0.120 0.035 0.032 0.030 0.029 0.028 0.028 0.027 0.027 0.007 0.008 0.010 0.020
 150 24 2018 0.057 0.047 0.030 0.020 0.120 0.036 0.032 0.030 0.029 0.028 0.028 0.027 0.028 0.007 0.008 0.010 0.020
 151 24 2018 0.057 0.046 0.030 0.022 0.120 0.036 0.032 0.030 0.029 0.028 0.028 0.028 0.028 0.007 0.008 0.011 0.020
 152 24 2018 0.041 0.045 0.030 0.023 0.120 0.036 0.032 0.031 0.029 0.029 0.028 0.028 0.028 0.007 0.008 0.011 0.020
 153 24 2018 0.024 0.041 0.031 0.025 0.120 0.036 0.033 0.031 0.029 0.029 0.028 0.028 0.028 0.007 0.008 0.011 0.020
 154 24 2018 0.025 0.037 0.031 0.026 0.120 0.036 0.033 0.031 0.030 0.029 0.028 0.028 0.028 0.007 0.008 0.012 0.020
 155 24 2018 0.024 0.034 0.031 0.027 0.120 0.036 0.033 0.031 0.030 0.029 0.028 0.028 0.028 0.007 0.008 0.012 0.020
 156 24 2018 0.023 0.031 0.031 0.029 0.120 0.036 0.033 0.031 0.030 0.029 0.029 0.028 0.029 0.008 0.008 0.012 0.020
 157 24 2018 0.024 0.028 0.030 0.030 0.120 0.036 0.033 0.031 0.030 0.029 0.029 0.028 0.029 0.008 0.008 0.012 0.020
 158 24 2018 0.023 0.027 0.029 0.031 0.120 0.037 0.033 0.031 0.030 0.029 0.029 0.028 0.029 0.008 0.009 0.013 0.020
 159 24 2018 0.023 0.026 0.028 0.033 0.120 0.037 0.033 0.031 0.030 0.029 0.029 0.029 0.029 0.008 0.009 0.013 0.020
 160 24 2018 0.023 0.026 0.027 0.034 0.120 0.037 0.033 0.032 0.030 0.030 0.029 0.029 0.029 0.008 0.009 0.013 0.020
 161 24 2018 0.022 0.025 0.025 0.035 0.120 0.037 0.034 0.032 0.030 0.030 0.029 0.029 0.029 0.008 0.009 0.014 0.020
 162 24 2018 0.022 0.024 0.024 0.036 0.120 0.037 0.034 0.032 0.031 0.030 0.029 0.029 0.029 0.008 0.009 0.014 0.020
 163 24 2018 0.022 0.024 0.023 0.036 0.120 0.037 0.034 0.032 0.031 0.030 0.029 0.029 0.029 0.008 0.009 0.014 0.020
 164 24 2018 0.023 0.024 0.022 0.037 0.120 0.037 0.034 0.032 0.031 0.030 0.030 0.029 0.030 0.008 0.009 0.015 0.020
 165 24 2018 0.023 0.024 0.021 0.037 0.120 0.037 0.034 0.032 0.031 0.030 0.030 0.029 0.030 0.008 0.009 0.015 0.020
 166 24 2018 0.027 0.025 0.021 0.037 0.120 0.038 0.034 0.032 0.031 0.030 0.030 0.029 0.030 0.008 0.009 0.015 0.020
 167 24 2018 0.046 0.026 0.021 0.037 0.120 0.038 0.034 0.032 0.031 0.030 0.030 0.030 0.030 0.008 0.009 0.016 0.020
 168 24 2018 0.073 0.028 0.022 0.037 0.120 0.038 0.034 0.032 0.031 0.030 0.030 0.030 0.030 0.008 0.009 0.016 0.020
 169 24 2018 0.071 0.031 0.023 0.037 0.120 0.038 0.034 0.033 0.031 0.031 0.030 0.030 0.030 0.008 0.009 0.016 0.020
 170 24 2018 0.067 0.033 0.024 0.038 0.120 0.038 0.035 0.033 0.031 0.031 0.030 0.030 0.030 0.008 0.009 0.017 0.020
 171 24 2018 0.063 0.034 0.024 0.038 0.120 0.038 0.035 0.033 0.032 0.031 0.030 0.030 0.030 0.008 0.009 0.017 0.020
 172 24 2018 0.058 0.035 0.025 0.038 0.120 0.038 0.035 0.033 0.032 0.031 0.030 0.030 0.031 0.008 0.009 0.018 0.020
 173 24 2018 0.057 0.036 0.026 0.039 0.120 0.038 0.035 0.033 0.032 0.031 0.030 0.030 0.031 0.008 0.009 0.018 0.020
 174 24 2018 0.058 0.037 0.026 0.039 0.120 0.038 0.035 0.033 0.032 0.031 0.031 0.030 0.031 0.008 0.009 0.018 0.020
 175 24 2018 0.065 0.038 0.027 0.040 0.120 0.038 0.035 0.033 0.032 0.031 0.031 0.030 0.031 0.008 0.010 0.019 0.020
 176 24 2018 0.056 0.039 0.027 0.040 0.120 0.038 0.035 0.033 0.032 0.031 0.031 0.030 0.031 0.008 0.010 0.019 0.020
 177 24 2018 0.055 0.040 0.028 0.041 0.120 0.039 0.035 0.033 0.032 0.031 0.031 0.031 0.031 0.008 0.010 0.020 0.020
 178 24 2018 0.056 0.041 0.029 0.042 0.120 0.039 0.035 0.033 0.032 0.031 0.031 0.031 0.031 0.008 0.010 0.020 0.020
 179 24 2018 0.056 0.042 0.030 0.043 0.120 0.039 0.035 0.033 0.032 0.032 0.031 0.031 0.031 0.008 0.010 0.020 0.020
 180 24 2018 0.042 0.043 0.030 0.045 0.120 0.039 0.035 0.034 0.032 0.032 0.031 0.031 0.031 0.009 0.011 0.020 0.020
 181 24 2018 0.032 0.042 0.031 0.046 0.120 0.039 0.036 0.034 0.032 0.032 0.031 0.031 0.031 0.009 0.012 0.020 0.020
 182 24 2018 0.028 0.040 0.031 0.046 0.120 0.039 0.036 0.034 0.033 0.032 0.031 0.031 0.032 0.009 0.013 0.020 0.020
 183 24 2018 0.024 0.035 0.032 0.048 0.120 0.039 0.036 0.034 0.033 0.032 0.031 0.031 0.032 0.009 0.014 0.020 0.020
 184 24 2018 0.024 0.032 0.032 0.050 0.120 0.039 0.036 0.034 0.033 0.032 0.031 0.031 0.032 0.009 0.015 0.020 0.020
 185 24 2018 0.024 0.030 0.031 0.051 0.120 0.039 0.036 0.034 0.033 0.032 0.032 0.031 0.032 0.009 0.016 0.020 0.020
 186 24 2018 0.026 0.029 0.031 0.052 0.120 0.039 0.036 0.034 0.033 0.032 0.032 0.031 0.032 0.009 0.017 0.020 0.020
 187 24 2018 0.025 0.029 0.030 0.053 0.120 0.039 0.036 0.034 0.033 0.032 0.032 0.031 0.032 0.009 0.018 0.020 0.020
 188 24 2018 0.055 0.029 0.029 0.054 0.120 0.039 0.036 0.034 0.033 0.032 0.032 0.032 0.032 0.009 0.019 0.020 0.020
 189 24 2018 0.059 0.032 0.029 0.054 0.120 0.040 0.036 0.034 0.033 0.032 0.032 0.032 0.033 0.010 0.019 0.020 0.020
 190 24 2018 0.041 0.032 0.029 0.055 0.120 0.040 0.036 0.034 0.033 0.032 0.032 0.032 0.033 0.010 0.019 0.020 0.020
 191 24 2018 0.024 0.030 0.029 0.057 0.120 0.040 0.036 0.034 0.033 0.033 0.032 0.032 0.033 0.011 0.019 0.020 0.020
 192 24 2018 0.023 0.027 0.028 0.059 0.120 0.040 0.036 0.035 0.033 0.033 0.032 0.032 0.033 0.012 0.019 0.020 0.020
 193 24 2018 0.042 0.027 0.027 0.060 0.120 0.040 0.037 0.035 0.033 0.033 0.032 0.032 0.033 0.012 0.019 0.020 0.020
 194 24 2018 0.052 0.030 0.027 0.061 0.120 0.040 0.037 0.035 0.034 0.033 0.032 0.032 0.034 0.013 0.019 0.020 0.020
 195 24 2018 0.034 0.031 0.027 0.062 0.120 0.040 0.037 0.035 0.034 0.033 0.032 0.032 0.034 0.014 0.019 0.020 0.020
 196 24 2018 0.067 0.031 0.027 0.063 0.120 0.040 0.037 0.035 0.034 0.033 0.033 0.033 0.034 0.015 0.019 0.020 0.020
 197 24 2018 0.071 0.033 0.027 0.063 0.120 0.040 0.037 0.035 0.034 0.033 0.033 0.033 0.034 0.016 0.019 0.020 0.020
 198 24 2018 0.059 0.035 0.027 0.065 0.120 0.040 0.037 0.035 0.034 0.033 0.033 0.033 0.035 0.017 0.019 0.020 0.020
 199 24 2018 0.057 0.037 0.028 0.066 0.120 0.040 0.037 0.035 0.034 0.033 0.033 0.033 0.035 0.017 0.019 0.020 0.020
 200 24 2018 0.055 0.038 0.028 0.067 0.120 0.040 0.037 0.035 0.034 0.033 0.033 0.033 0.035 0.018 0.019 0.020 0.020
 201 24 2018 0.036 0.039 0.029 0.068 0.120 0.040 0.037 0.035 0.034 0.033 0.033 0.033 0.035 0.019 0.019 0.020 0.020
 202 24 2018 0.030 0.037 0.030 0.069 0.120 0.040 0.037 0.035 0.034 0.033 0.033 0.033 0.036 0.020 0.019 0.020 0.020
 203 24 2018 0.059 0.036 0.030 0.070 0.120 0.041 0.037 0.035 0.034 0.034 0.033 0.033 0.036 0.020 0.019 0.020 0.020
 204 24 2018 0.077 0.037 0.030 0.071 0.120 0.041 0.037 0.035 0.034 0.034 0.033 0.034 0.036 0.020 0.019 0.020 0.020
 205 24 2018 0.073 0.039 0.030 0.072 0.120 0.041 0.037 0.036 0.034 0.034 0.033 0.034 0.036 0.020 0.019 0.020 0.020
 206 24 2018 0.060 0.040 0.031 0.074 0.120 0.041 0.038 0.036 0.034 0.034 0.033 0.034 0.036 0.020 0.019 0.020 0.020
 207 24 2018 0.064 0.042 0.031 0.075 0.115 0.048 0.039 0.036 0.035 0.034 0.034 0.034 0.037 0.020 0.020 0.020 0.020
 208 24 2018 0.060 0.043 0.031 0.075 0.107 0.058 0.060 0.049 0.037 0.034 0.034 0.034 0.037 0.020 0.020 0.020 0.020
 209 24 2018 0.060 0.043 0.032 0.075 0.108 0.058 0.060 0.027 0.027 0.047 0.034 0.034 0.038 0.020 0.020 0.020 0.020
 210 24 2018 0.058 0.044 0.032 0.074 0.108 0.058 0.060 0.014 0.014 0.060 0.041 0.034 0.039 0.020 0.020 0.020 0.020
 211 24 2018 0.060 0.044 0.032 0.074 0.108 0.058 0.060 0.014 0.014 0.060 0.060 0.036 0.040 0.020 0.020 0.020 0.020
 212 24 2018 0.059 0.045 0.033 0.074 0.108 0.059 0.060 0.014 0.015 0.058 0.058 0.049 0.041 0.020 0.020 0.020 0.020
 213 24 2018 0.060 0.045 0.033 0.074 0.109 0.059 0.054 0.014 0.015 0.015 0.015 0.015 0.046 0.020 0.020 0.020 0.020
 214 24 2018 0.058 0.046 0.033 0.073 0.109 0.059 0.026 0.014 0.015 0.015 0.015 0.015 0.058 0.020 0.020 0.020 0.020
 215 24 2018 0.060 0.046 0.033 0.073 0.109 0.059 0.026 0.015 0.015 0.015 0.015 0.015 0.060 0.020 0.020 0.020 0.020
 216 24 2018 0.058 0.046 0.034 0.073 0.109 0.059 0.026 0.015 0.015 0.015 0.015 0.015 0.060 0.020 0.020 0.020 0.020
 217 24 2018 0.060 0.046 0.034 0.073 0.109 0.060 0.026 0.015 0.015 0.015 0.015 0.015 0.060 0.020 0.020 0.020 0.020
 218 24 2018 0.060 0.047 0.034 0.073 0.109 0.058 0.026 0.015 0.015 0.015 0.015 0.015 0.060 0.020 0.020 0.020 0.020
 219 24 2018 0.043 0.046 0.034 0.073 0.110 0.012 0.026 0.015 0.015 0.015 0.015 0.015 0.060 0.020 0.020 0.020 0.020
 220 24 2018 0.032 0.045 0.034 0.072 0.110 0.013 0.026 0.015 0.015 0.015 0.015 0.015 0.060 0.020 0.020 0.020 0.020
 221 24 2018 0.028 0.043 0.034 0.072 0.110 0.013 0.026 0.015 0.015 0.015 0.015 0.015 0.060 0.020 0.020 0.020 0.020
 222 24 2018 0.025 0.039 0.034 0.072 0.110 0.013 0.026 0.015 0.015 0.015 0.015 0.015 0.060 0.020 0.020 0.020 0.020
 223 24 2018 0.024 0.035 0.034 0.072 0.110 0.014 0.026 0.015 0.015 0.015 0.015 0.015 0.060 0.020 0.020 0.020 0.020
 224 24 2018 0.024 0.031 0.033 0.072 0.111 0.014 0.026 0.015 0.015 0.015 0.015 0.015 0.060 0.020 0.020 0.020 0.020
 225 24 2018 0.024 0.028 0.032 0.072 0.111 0.015 0.026 0.015 0.015 0.015 0.015 0.015 0.060 0.020 0.020 0.020 0.020
 226 24 2018 0.026 0.028 0.030 0.071 0.111 0.015 0.026 0.015 0.015 0.015 0.015 0.015 0.060 0.020 0.020 0.020 0.020
 227 24 2018 0.025 0.028 0.029 0.071 0.112 0.015 0.025 0.015 0.015 0.015 0.015 0.015 0.060 0.020 0.020 0.020 0.020
 228 24 2018 0.024 0.027 0.028 0.070 0.112 0.016 0.025 0.016 0.015 0.015 0.015 0.015 0.060 0.020 0.020 0.020 0.020
 229 24 2018 0.024 0.027 0.027 0.070 0.112 0.016 0.025 0.016 0.015 0.015 0.015 0.015 0.060 0.020 0.020 0.020 0.020
 230 24 2018 0.030 0.028 0.026 0.069 0.112 0.016 0.025 0.016 0.015 0.015 0.015 0.015 0.060 0.020 0.020 0.020 0.020
 231 24 2018 0.027 0.029 0.026 0.068 0.112 0.016 0.025 0.016 0.015 0.015 0.015 0.015 0.060 0.020 0.020 0.020 0.020
 232 24 2018 0.025 0.028 0.025 0.067 0.112 0.016 0.025 0.016 0.015 0.015 0.015 0.015 0.060 0.020 0.020 0.020 0.020
 233 24 2018 0.056 0.029 0.025 0.067 0.112 0.017 0.025 0.016 0.015 0.015 0.015 0.015 0.060 0.020 0.020 0.020 0.020
 234 24 2018 0.052 0.031 0.025 0.066 0.112 0.017 0.025 0.016 0.015 0.015 0.015 0.015 0.060 0.020 0.020 0.020 0.020
 235 24 2018 0.028 0.031 0.026 0.065 0.112 0.017 0.025 0.016 0.015 0.015 0.015 0.015 0.060 0.020 0.020 0.020 0.020
 236 24 2018 0.024 0.029 0.026 0.064 0.112 0.017 0.025 0.016 0.015 0.015 0.015 0.015 0.060 0.020 0.020 0.020 0.020
 237 24 2018 0.030 0.028 0.025 0.064 0.113 0.017 0.025 0.016 0.015 0.015 0.015 0.015 0.060 0.020 0.020 0.020 0.020
 238 24 2018 0.026 0.028 0.025 0.063 0.113 0.018 0.025 0.016 0.015 0.015 0.015 0.015 0.060 0.020 0.020 0.020 0.020
 239 24 2018 0.042 0.028 0.025 0.062 0.113 0.018 0.025 0.016 0.016 0.015 0.015 0.015 0.060 0.020 0.020 0.020 0.020
 240 24 2018 0.036 0.029 0.025 0.061 0.113 0.018 0.025 0.016 0.016 0.015 0.015 0.015 0.060 0.020 0.020 0.020 0.020
 241 24 2018 0.024 0.028 0.025 0.060 0.113 0.018 0.025 0.016 0.016 0.015 0.015 0.015 0.060 0.020 0.020 0.020 0.020
 242 24 2018 0.023 0.027 0.025 0.059 0.113 0.018 0.025 0.016 0.016 0.015 0.015 0.015 0.060 0.020 0.020 0.020 0.020
 243 24 2018 0.023 0.026 0.024 0.058 0.113 0.019 0.025 0.016 0.016 0.015 0.015 0.015 0.060 0.020 0.020 0.020 0.020
 244 24 2018 0.024 0.026 0.024 0.057 0.113 0.019 0.025 0.016 0.016 0.015 0.015 0.015 0.060 0.020 0.020 0.020 0.020
 245 24 2018 0.024 0.027 0.024 0.056 0.113 0.019 0.025 0.016 0.016 0.015 0.015 0.015 0.060 0.020 0.020 0.020 0.020
 246 24 2018 0.024 0.027 0.024 0.055 0.113 0.019 0.025 0.016 0.016 0.015 0.015 0.015 0.060 0.020 0.020 0.020 0.020
 247 24 2018 0.024 0.027 0.024 0.054 0.113 0.019 0.025 0.016 0.016 0.015 0.015 0.015 0.060 0.020 0.020 0.020 0.020
 248 24 2018 0.058 0.028 0.024 0.053 0.113 0.019 0.025 0.016 0.016 0.015 0.015 0.015 0.060 0.020 0.020 0.020 0.020
 249 24 2018 0.071 0.030 0.024 0.052 0.113 0.019 0.025 0.016 0.016 0.015 0.015 0.015 0.060 0.020 0.020 0.020 0.020
 250 24 2018 0.064 0.031 0.025 0.052 0.113 0.019 0.024 0.016 0.016 0.015 0.015 0.015 0.060 0.020 0.020 0.020 0.020
 251 24 2018 0.060 0.033 0.025 0.051 0.113 0.019 0.024 0.016 0.016 0.015 0.015 0.015 0.060 0.020 0.020 0.020 0.020
 252 24 2018 0.038 0.033 0.026 0.051 0.113 0.019 0.024 0.016 0.016 0.015 0.015 0.015 0.060 0.020 0.020 0.020 0.020
 253 24 2018 0.024 0.032 0.026 0.050 0.113 0.019 0.024 0.016 0.016 0.015 0.015 0.015 0.060 0.020 0.020 0.020 0.020
 254 24 2018 0.024 0.030 0.027 0.050 0.113 0.019 0.024 0.016 0.016 0.015 0.015 0.015 0.060 0.020 0.020 0.020 0.020
 255 24 2018 0.023 0.028 0.026 0.049 0.114 0.020 0.024 0.016 0.016 0.015 0.015 0.015 0.060 0.020 0.020 0.020 0.020
 256 24 2018 0.022 0.027 0.026 0.048 0.114 0.020 0.024 0.016 0.016 0.015 0.015 0.015 0.060 0.020 0.020 0.020 0.020
 257 24 2018 0.022 0.026 0.025 0.048 0.114 0.020 0.024 0.016 0.016 0.015 0.015 0.015 0.060 0.020 0.020 0.020 0.020
 258 24 2018 0.022 0.025 0.024 0.047 0.114 0.020 0.024 0.016 0.016 0.016 0.015 0.015 0.060 0.020 0.020 0.020 0.020
 259 24 2018 0.023 0.025 0.023 0.045 0.114 0.020 0.024 0.017 0.016 0.016 0.015 0.015 0.060 0.020 0.020 0.020 0.020
 260 24 2018 0.023 0.025 0.023 0.044 0.114 0.021 0.024 0.017 0.016 0.016 0.015 0.015 0.060 0.020 0.020 0.020 0.020
 261 24 2018 0.023 0.026 0.023 0.043 0.114 0.021 0.024 0.017 0.016 0.016 0.015 0.015 0.060 0.020 0.020 0.020 0.020
 262 24 2018 0.035 0.027 0.023 0.042 0.114 0.021 0.024 0.017 0.016 0.016 0.015 0.015 0.060 0.020 0.020 0.020 0.020
 263 24 2018 0.032 0.028 0.023 0.041 0.114 0.021 0.024 0.017 0.016 0.016 0.015 0.015 0.060 0.020 0.020 0.020 0.020
 264 24 2018 0.024 0.028 0.024 0.040 0.114 0.021 0.024 0.017 0.016 0.016 0.015 0.015 0.060 0.020 0.020 0.020 0.020
 265 24 2018 0.023 0.027 0.024 0.039 0.114 0.021 0.024 0.017 0.016 0.016 0.015 0.015 0.060 0.020 0.020 0.020 0.020
 266 24 2018 0.023 0.026 0.024 0.038 0.114 0.021 0.024 0.017 0.016 0.016 0.015 0.015 0.060 0.020 0.020 0.020 0.020
 267 24 2018 0.042 0.027 0.023 0.037 0.114 0.021 0.024 0.017 0.016 0.016 0.015 0.015 0.060 0.020 0.020 0.020 0.020
 268 24 2018 0.035 0.028 0.024 0.037 0.114 0.021 0.024 0.017 0.016 0.016 0.015 0.015 0.060 0.020 0.020 0.020 0.020
 269 24 2018 0.023 0.028 0.024 0.036 0.114 0.021 0.024 0.017 0.016 0.016 0.015 0.015 0.060 0.020 0.020 0.020 0.020
 270 24 2018 0.023 0.027 0.024 0.036 0.114 0.021 0.024 0.017 0.016 0.016 0.015 0.015 0.060 0.020 0.020 0.020 0.020
 271 24 2018 0.023 0.027 0.024 0.035 0.114 0.021 0.024 0.017 0.016 0.016 0.015 0.015 0.060 0.020 0.020 0.020 0.020
 272 24 2018 0.023 0.027 0.024 0.035 0.114 0.021 0.024 0.017 0.016 0.016 0.015 0.015 0.060 0.020 0.020 0.020 0.020
 273 24 2018 0.023 0.026 0.024 0.034 0.113 0.021 0.024 0.017 0.016 0.016 0.015 0.015 0.060 0.020 0.020 0.020 0.020
 274 24 2018 0.025 0.026 0.023 0.033 0.113 0.021 0.024 0.017 0.016 0.016 0.015 0.015 0.060 0.020 0.020 0.020 0.020
 275 24 2018 0.026 0.027 0.023 0.033 0.113 0.021 0.024 0.017 0.016 0.016 0.015 0.015 0.060 0.020 0.020 0.020 0.020
 276 24 2018 0.026 0.027 0.023 0.032 0.113 0.021 0.024 0.017 0.016 0.016 0.015 0.015 0.060 0.020 0.020 0.020 0.020
 277 24 2018 0.051 0.028 0.023 0.032 0.113 0.021 0.024 0.017 0.016 0.016 0.015 0.015 0.060 0.020 0.020 0.020 0.020
 278 24 2018 0.049 0.029 0.024 0.031 0.113 0.021 0.024 0.017 0.016 0.016 0.015 0.015 0.060 0.020 0.020 0.020 0.020
 279 24 2018 0.056 0.030 0.024 0.031 0.112 0.021 0.024 0.017 0.016 0.016 0.015 0.015 0.060 0.020 0.020 0.020 0.020
 280 24 2018 0.069 0.031 0.024 0.031 0.112 0.021 0.024 0.017 0.016 0.015 0.015 0.015 0.060 0.020 0.020 0.020 0.020
 281 24 2018 0.068 0.032 0.025 0.030 0.112 0.021 0.024 0.017 0.016 0.015 0.015 0.015 0.060 0.020 0.020 0.020 0.020
 282 24 2018 0.058 0.032 0.025 0.030 0.112 0.021 0.024 0.017 0.016 0.015 0.015 0.015 0.060 0.020 0.020 0.020 0.020
 283 24 2018 0.053 0.033 0.025 0.030 0.111 0.021 0.024 0.017 0.016 0.015 0.015 0.015 0.060 0.020 0.020 0.020 0.020
 284 24 2018 0.057 0.033 0.025 0.030 0.111 0.021 0.024 0.017 0.016 0.015 0.015 0.015 0.060 0.020 0.020 0.020 0.020
 285 24 2018 0.062 0.033 0.026 0.030 0.111 0.021 0.024 0.017 0.016 0.015 0.015 0.015 0.060 0.020 0.020 0.020 0.020
 286 24 2018 0.055 0.034 0.026 0.030 0.111 0.021 0.024 0.017 0.016 0.015 0.015 0.015 0.060 0.020 0.020 0.020 0.020
 287 24 2018 0.071 0.034 0.026 0.030 0.111 0.021 0.023 0.017 0.016 0.015 0.015 0.015 0.060 0.020 0.020 0.020 0.020
 288 24 2018 0.084 0.034 0.026 0.030 0.111 0.021 0.023 0.017 0.016 0.015 0.015 0.015 0.060 0.020 0.020 0.020 0.020
 289 24 2018 0.068 0.035 0.026 0.031 0.110 0.021 0.023 0.017 0.016 0.015 0.015 0.015 0.060 0.020 0.020 0.020 0.020
 290 24 2018 0.059 0.035 0.026 0.031 0.110 0.020 0.023 0.017 0.016 0.015 0.015 0.015 0.060 0.020 0.020 0.020 0.020
 291 24 2018 0.063 0.035 0.027 0.031 0.110 0.020 0.023 0.017 0.016 0.015 0.015 0.015 0.060 0.020 0.020 0.020 0.020
 292 24 2018 0.062 0.035 0.027 0.031 0.110 0.020 0.023 0.017 0.016 0.015 0.015 0.015 0.060 0.020 0.020 0.020 0.020
 293 24 2018 0.058 0.036 0.027 0.031 0.110 0.020 0.023 0.017 0.016 0.015 0.015 0.015 0.060 0.020 0.020 0.020 0.020
 294 24 2018 0.052 0.036 0.027 0.031 0.110 0.020 0.023 0.017 0.016 0.015 0.015 0.015 0.060 0.020 0.020 0.020 0.020
 295 24 2018 0.051 0.036 0.027 0.031 0.110 0.020 0.023 0.017 0.016 0.015 0.015 0.015 0.060 0.020 0.020 0.020 0.020
 296 24 2018 0.062 0.037 0.027 0.031 0.109 0.020 0.023 0.017 0.016 0.015 0.015 0.015 0.060 0.020 0.020 0.020 0.020
 297 24 2018 0.058 0.037 0.027 0.031 0.109 0.020 0.023 0.017 0.016 0.015 0.015 0.015 0.060 0.020 0.020 0.020 0.020
 298 24 2018 0.054 0.037 0.028 0.031 0.109 0.020 0.023 0.017 0.016 0.015 0.015 0.015 0.060 0.020 0.020 0.020 0.020
 299 24 2018 0.053 0.037 0.028 0.031 0.109 0.020 0.023 0.017 0.016 0.015 0.015 0.015 0.060 0.020 0.020 0.020 0.020
 300 24 2018 0.057 0.038 0.028 0.031 0.109 0.020 0.023 0.017 0.016 0.015 0.015 0.015 0.060 0.020 0.020 0.020 0.020
 301 24 2018 0.057 0.038 0.028 0.031 0.109 0.020 0.023 0.017 0.016 0.015 0.015 0.015 0.060 0.020 0.020 0.020 0.020
 302 24 2018 0.057 0.038 0.028 0.031 0.109 0.020 0.023 0.017 0.016 0.015 0.015 0.015 0.060 0.020 0.020 0.020 0.020
 303 24 2018 0.064 0.038 0.028 0.031 0.109 0.020 0.023 0.017 0.016 0.015 0.015 0.015 0.060 0.020 0.020 0.020 0.020
 304 24 2018 0.066 0.038 0.028 0.031 0.108 0.020 0.023 0.017 0.016 0.015 0.015 0.015 0.060 0.020 0.020 0.020 0.020
 305 24 2018 0.068 0.039 0.028 0.031 0.108 0.020 0.023 0.017 0.016 0.015 0.015 0.015 0.060 0.020 0.020 0.020 0.020
 306 24 2018 0.071 0.039 0.028 0.031 0.108 0.020 0.023 0.017 0.016 0.015 0.015 0.015 0.060 0.020 0.020 0.020 0.020
 307 24 2018 0.078 0.039 0.029 0.031 0.108 0.020 0.023 0.017 0.016 0.015 0.015 0.015 0.060 0.020 0.020 0.020 0.020
 308 24 2018 0.072 0.039 0.029 0.031 0.108 0.020 0.023 0.017 0.016 0.015 0.015 0.015 0.060 0.020 0.020 0.020 0.020
 309 24 2018 0.067 0.039 0.029 0.031 0.108 0.020 0.023 0.017 0.016 0.015 0.015 0.015 0.060 0.020 0.020 0.020 0.020
 310 24 2018 0.063 0.039 0.029 0.031 0.108 0.020 0.023 0.017 0.016 0.015 0.015 0.015 0.060 0.020 0.020 0.020 0.020
 311 24 2018 0.050 0.039 0.029 0.032 0.107 0.020 0.023 0.017 0.016 0.015 0.015 0.015 0.060 0.020 0.020 0.020 0.020
 312 24 2018 0.047 0.039 0.029 0.032 0.105 0.020 0.023 0.017 0.016 0.015 0.015 0.015 0.060 0.020 0.020 0.020 0.020
 313 24 2018 0.047 0.039 0.029 0.032 0.085 0.020 0.023 0.017 0.016 0.015 0.015 0.015 0.060 0.020 0.020 0.020 0.020
 314 24 2018 0.050 0.040 0.029 0.032 0.065 0.020 0.023 0.017 0.016 0.015 0.015 0.015 0.060 0.020 0.020 0.020 0.020
 315 24 2018 0.051 0.040 0.029 0.032 0.056 0.020 0.023 0.017 0.016 0.015 0.015 0.015 0.060 0.020 0.020 0.020 0.020
 316 24 2018 0.052 0.040 0.029 0.032 0.054 0.020 0.023 0.017 0.016 0.015 0.015 0.015 0.060 0.020 0.020 0.020 0.020
 317 24 2018 0.052 0.040 0.029 0.032 0.052 0.020 0.023 0.017 0.016 0.015 0.015 0.015 0.060 0.020 0.020 0.020 0.020
 318 24 2018 0.054 0.040 0.029 0.032 0.051 0.020 0.023 0.017 0.016 0.015 0.015 0.015 0.060 0.020 0.020 0.020 0.020
 319 24 2018 0.053 0.040 0.030 0.032 0.052 0.020 0.023 0.017 0.016 0.015 0.015 0.015 0.060 0.020 0.020 0.020 0.020
 320 24 2018 0.050 0.040 0.030 0.032 0.050 0.020 0.023 0.017 0.016 0.015 0.015 0.015 0.060 0.020 0.020 0.020 0.020
 321 24 2018 0.049 0.040 0.030 0.032 0.047 0.019 0.023 0.017 0.016 0.015 0.015 0.015 0.060 0.020 0.020 0.020 0.020
 322 24 2018 0.049 0.040 0.030 0.032 0.045 0.017 0.021 0.017 0.016 0.015 0.015 0.015 0.060 0.020 0.020 0.020 0.020
 323 24 2018 0.047 0.040 0.030 0.032 0.044 0.017 0.019 0.017 0.016 0.015 0.015 0.016 0.060 0.020 0.020 0.020 0.020
 324 24 2018 0.048 0.040 0.030 0.032 0.042 0.016 0.017 0.017 0.016 0.015 0.015 0.016 0.060 0.020 0.020 0.020 0.020
 325 24 2018 0.049 0.041 0.030 0.032 0.041 0.015 0.017 0.017 0.016 0.015 0.015 0.016 0.060 0.020 0.020 0.020 0.020
 326 24 2018 0.053 0.041 0.030 0.032 0.042 0.015 0.016 0.017 0.016 0.015 0.015 0.016 0.060 0.020 0.020 0.020 0.020
 327 24 2018 0.068 0.041 0.030 0.032 0.044 0.016 0.017 0.017 0.016 0.015 0.015 0.016 0.060 0.020 0.020 0.020 0.020
 328 24 2018 0.081 0.041 0.030 0.032 0.049 0.018 0.018 0.017 0.016 0.015 0.015 0.016 0.060 0.020 0.020 0.020 0.020
 329 24 2018 0.056 0.041 0.030 0.032 0.051 0.019 0.020 0.017 0.016 0.015 0.015 0.016 0.060 0.020 0.020 0.020 0.020
 330 24 2018 0.045 0.041 0.030 0.032 0.047 0.018 0.020 0.017 0.016 0.015 0.015 0.016 0.060 0.020 0.020 0.020 0.020
 331 24 2018 0.045 0.041 0.030 0.032 0.042 0.016 0.018 0.017 0.016 0.015 0.015 0.016 0.060 0.020 0.020 0.020 0.020
 332 24 2018 0.049 0.041 0.030 0.032 0.040 0.015 0.016 0.017 0.016 0.015 0.015 0.016 0.060 0.020 0.020 0.020 0.020
 333 24 2018 0.052 0.041 0.030 0.032 0.042 0.015 0.016 0.017 0.016 0.015 0.015 0.016 0.060 0.020 0.020 0.020 0.020
 334 24 2018 0.047 0.041 0.030 0.032 0.042 0.015 0.016 0.017 0.016 0.015 0.015 0.016 0.060 0.020 0.020 0.020 0.020
 335 24 2018 0.047 0.041 0.030 0.032 0.041 0.015 0.016 0.017 0.016 0.015 0.015 0.016 0.060 0.020 0.020 0.020 0.020
 336 24 2018 0.044 0.041 0.030 0.032 0.039 0.014 0.015 0.016 0.016 0.015 0.015 0.016 0.060 0.020 0.020 0.020 0.020
 337 24 2018 0.043 0.041 0.030 0.032 0.038 0.014 0.015 0.015 0.016 0.015 0.015 0.016 0.060 0.020 0.020 0.020 0.020
 338 24 2018 0.043 0.042 0.031 0.032 0.037 0.013 0.014 0.015 0.016 0.015 0.015 0.016 0.060 0.020 0.020 0.020 0.020
 339 24 2018 0.043 0.042 0.031 0.032 0.036 0.013 0.013 0.014 0.015 0.015 0.015 0.016 0.060 0.020 0.020 0.020 0.020
 340 24 2018 0.049 0.042 0.031 0.032 0.036 0.013 0.013 0.014 0.015 0.015 0.015 0.016 0.060 0.020 0.020 0.020 0.020
 341 24 2018 0.047 0.042 0.031 0.032 0.038 0.013 0.014 0.014 0.015 0.015 0.015 0.016 0.060 0.020 0.020 0.020 0.020
 342 24 2018 0.046 0.042 0.031 0.032 0.038 0.013 0.014 0.014 0.015 0.015 0.015 0.016 0.060 0.020 0.020 0.020 0.020
 343 24 2018 0.045 0.042 0.031 0.032 0.037 0.013 0.014 0.014 0.015 0.015 0.015 0.016 0.060 0.020 0.020 0.020 0.020
 344 24 2018 0.045 0.042 0.031 0.032 0.037 0.013 0.014 0.014 0.015 0.015 0.015 0.016 0.060 0.020 0.020 0.020 0.020
 345 24 2018 0.044 0.042 0.031 0.032 0.037 0.013 0.014 0.014 0.015 0.015 0.015 0.016 0.060 0.020 0.020 0.020 0.020
 346 24 2018 0.045 0.042 0.031 0.032 0.036 0.013 0.013 0.014 0.014 0.015 0.015 0.016 0.060 0.020 0.020 0.020 0.020
 347 24 2018 0.043 0.042 0.031 0.032 0.036 0.013 0.013 0.014 0.014 0.015 0.015 0.016 0.059 0.020 0.020 0.020 0.020
 348 24 2018 0.045 0.042 0.031 0.032 0.036 0.013 0.013 0.014 0.014 0.015 0.015 0.016 0.057 0.020 0.020 0.020 0.020
 349 24 2018 0.048 0.042 0.031 0.032 0.037 0.013 0.013 0.014 0.014 0.015 0.015 0.016 0.055 0.020 0.020 0.020 0.020
 350 24 2018 0.049 0.042 0.031 0.032 0.037 0.013 0.014 0.014 0.014 0.015 0.015 0.016 0.052 0.020 0.020 0.020 0.020
 351 24 2018 0.048 0.042 0.031 0.032 0.038 0.013 0.014 0.014 0.014 0.015 0.015 0.016 0.050 0.020 0.020 0.020 0.020
 352 24 2018 0.048 0.042 0.031 0.032 0.038 0.014 0.014 0.014 0.015 0.015 0.015 0.016 0.048 0.020 0.020 0.020 0.020
 353 24 2018 0.046 0.042 0.031 0.032 0.038 0.014 0.014 0.014 0.015 0.015 0.015 0.016 0.046 0.020 0.020 0.020 0.020
 354 24 2018 0.045 0.042 0.031 0.032 0.038 0.013 0.014 0.014 0.015 0.015 0.015 0.016 0.045 0.020 0.020 0.020 0.020
 355 24 2018 0.047 0.042 0.031 0.032 0.037 0.013 0.014 0.014 0.015 0.015 0.015 0.016 0.043 0.020 0.020 0.020 0.020
 356 24 2018 0.045 0.042 0.031 0.032 0.038 0.013 0.014 0.014 0.015 0.015 0.015 0.016 0.041 0.020 0.020 0.020 0.020
 357 24 2018 0.044 0.042 0.031 0.032 0.037 0.013 0.014 0.014 0.015 0.015 0.015 0.016 0.039 0.020 0.020 0.020 0.020
 358 24 2018 0.045 0.042 0.031 0.032 0.036 0.013 0.013 0.014 0.014 0.015 0.015 0.016 0.037 0.020 0.020 0.020 0.020
 359 24 2018 0.044 0.042 0.031 0.032 0.036 0.013 0.013 0.014 0.014 0.015 0.015 0.016 0.034 0.020 0.020 0.020 0.020
 360 24 2018 0.044 0.043 0.031 0.032 0.036 0.013 0.013 0.014 0.014 0.015 0.015 0.016 0.031 0.020 0.020 0.020 0.020
 361 24 2018 0.042 0.043 0.031 0.032 0.035 0.013 0.013 0.013 0.014 0.014 0.015 0.016 0.028 0.020 0.020 0.020 0.020
 362 24 2018 0.041 0.042 0.031 0.032 0.034 0.012 0.013 0.013 0.014 0.014 0.015 0.016 0.025 0.020 0.020 0.020 0.020
 363 24 2018 0.041 0.042 0.031 0.032 0.034 0.012 0.012 0.013 0.013 0.014 0.015 0.016 0.022 0.020 0.020 0.020 0.020
 364 24 2018 0.043 0.042 0.031 0.032 0.034 0.012 0.012 0.013 0.013 0.014 0.014 0.016 0.020 0.019 0.020 0.020 0.020
