AVERAGE PREDICTED LIQUID WATER CONTENT FOR EACH NODE (M3/M3)
  DY HR  YR   0.00  0.05  0.10  0.15  0.20  0.25  0.30  0.35  0.40  0.45  0.50  0.60  0.70  0.80  0.90  1.00  1.50
   1  1 2018 0.048 0.050 0.038 0.039 0.040 0.015 0.016 0.017 0.019 0.026 0.060 0.060 0.060 0.020 0.020 0.020 0.020
   1 24 2018 0.048 0.048 0.037 0.038 0.039 0.015 0.015 0.017 0.019 0.024 0.047 0.048 0.050 0.014 0.014 0.014 0.014
   2 24 2018 0.048 0.046 0.035 0.036 0.037 0.014 0.014 0.015 0.017 0.020 0.043 0.044 0.045 0.012 0.012 0.012 0.012
   3 24 2018 0.046 0.049 0.036 0.037 0.037 0.014 0.014 0.015 0.016 0.019 0.039 0.041 0.041 0.011 0.011 0.011 0.011
   4 24 2018 0.043 0.049 0.037 0.037 0.038 0.014 0.014 0.015 0.017 0.019 0.029 0.040 0.040 0.011 0.011 0.011 0.011
   5 24 2018 0.044 0.052 0.039 0.039 0.039 0.014 0.015 0.015 0.016 0.018 0.021 0.039 0.040 0.010 0.011 0.011 0.011
   6 24 2018 0.048 0.052 0.039 0.039 0.040 0.014 0.015 0.016 0.016 0.017 0.019 0.039 0.039 0.010 0.010 0.010 0.010
   7 24 2018 0.046 0.048 0.037 0.038 0.039 0.014 0.015 0.015 0.016 0.017 0.019 0.037 0.038 0.010 0.010 0.010 0.010
   8 24 2018 0.050 0.050 0.038 0.038 0.039 0.014 0.014 0.015 0.016 0.017 0.018 0.036 0.036 0.009 0.010 0.010 0.010
   9 24 2018 0.056 0.056 0.040 0.040 0.040 0.014 0.015 0.015 0.016 0.017 0.018 0.034 0.034 0.009 0.009 0.010 0.010
  10 24 2018 0.055 0.055 0.042 0.042 0.043 0.015 0.016 0.016 0.016 0.017 0.019 0.032 0.032 0.008 0.009 0.009 0.009
  11 24 2018 0.044 0.047 0.037 0.039 0.041 0.015 0.015 0.016 0.017 0.018 0.019 0.030 0.031 0.008 0.009 0.009 0.009
  12 24 2018 0.045 0.047 0.036 0.037 0.038 0.014 0.014 0.015 0.016 0.017 0.019 0.029 0.030 0.008 0.008 0.009 0.009
  13 24 2018 0.045 0.046 0.035 0.036 0.037 0.013 0.014 0.015 0.015 0.016 0.018 0.026 0.029 0.008 0.008 0.009 0.009
  14 24 2018 0.044 0.046 0.035 0.036 0.037 0.013 0.014 0.014 0.015 0.016 0.017 0.021 0.029 0.008 0.008 0.008 0.008
  15 24 2018 0.042 0.045 0.035 0.036 0.037 0.013 0.014 0.014 0.015 0.015 0.016 0.019 0.029 0.007 0.008 0.008 0.008
  16 24 2018 0.039 0.043 0.033 0.034 0.035 0.013 0.013 0.013 0.014 0.015 0.015 0.018 0.026 0.007 0.008 0.008 0.008
  17 24 2018 0.041 0.045 0.034 0.034 0.035 0.012 0.013 0.013 0.014 0.014 0.015 0.017 0.022 0.007 0.008 0.008 0.008
  18 24 2018 0.046 0.047 0.035 0.035 0.036 0.013 0.013 0.013 0.014 0.014 0.014 0.016 0.019 0.006 0.007 0.008 0.008
  19 24 2018 0.050 0.050 0.037 0.037 0.037 0.013 0.013 0.013 0.014 0.014 0.014 0.016 0.018 0.006 0.007 0.008 0.008
  20 24 2018 0.048 0.048 0.037 0.037 0.038 0.013 0.014 0.014 0.014 0.014 0.015 0.015 0.017 0.005 0.007 0.008 0.008
  21 24 2018 0.044 0.045 0.035 0.036 0.037 0.013 0.013 0.014 0.014 0.014 0.015 0.015 0.017 0.005 0.007 0.007 0.007
  22 24 2018 0.045 0.046 0.035 0.035 0.036 0.013 0.013 0.013 0.014 0.014 0.014 0.015 0.016 0.005 0.007 0.007 0.007
  23 24 2018 0.045 0.046 0.035 0.036 0.036 0.013 0.013 0.013 0.014 0.014 0.014 0.015 0.016 0.004 0.007 0.007 0.007
  24 24 2018 0.046 0.046 0.035 0.036 0.036 0.013 0.013 0.013 0.013 0.014 0.014 0.015 0.016 0.004 0.006 0.007 0.007
  25 24 2018 0.047 0.047 0.036 0.036 0.036 0.013 0.013 0.013 0.013 0.014 0.014 0.015 0.016 0.004 0.005 0.007 0.007
  26 24 2018 0.046 0.047 0.036 0.036 0.036 0.013 0.013 0.013 0.013 0.014 0.014 0.014 0.015 0.004 0.005 0.007 0.007
  27 24 2018 0.044 0.045 0.035 0.035 0.036 0.013 0.013 0.013 0.013 0.014 0.014 0.014 0.015 0.004 0.005 0.007 0.007
  28 24 2018 0.044 0.045 0.034 0.035 0.035 0.013 0.013 0.013 0.013 0.013 0.014 0.014 0.015 0.004 0.005 0.007 0.007
  29 24 2018 0.044 0.046 0.035 0.035 0.035 0.012 0.013 0.013 0.013 0.013 0.014 0.014 0.015 0.004 0.004 0.006 0.007
  30 24 2018 0.047 0.048 0.036 0.036 0.036 0.013 0.013 0.013 0.013 0.013 0.013 0.014 0.015 0.004 0.004 0.006 0.007
  31 24 2018 0.049 0.050 0.037 0.037 0.037 0.013 0.013 0.013 0.013 0.013 0.014 0.014 0.015 0.004 0.004 0.006 0.007
  32 24 2018 0.048 0.049 0.037 0.037 0.037 0.013 0.013 0.013 0.013 0.014 0.014 0.014 0.015 0.004 0.004 0.005 0.007
  33 24 2018 0.048 0.049 0.037 0.037 0.037 0.013 0.013 0.013 0.013 0.014 0.014 0.014 0.015 0.004 0.004 0.005 0.007
  34 24 2018 0.048 0.049 0.037 0.037 0.037 0.013 0.013 0.013 0.014 0.014 0.014 0.014 0.015 0.004 0.004 0.005 0.007
  35 24 2018 0.048 0.048 0.037 0.037 0.037 0.013 0.013 0.013 0.014 0.014 0.014 0.014 0.015 0.004 0.004 0.005 0.007
  36 24 2018 0.048 0.049 0.037 0.037 0.037 0.013 0.013 0.013 0.014 0.014 0.014 0.014 0.015 0.004 0.004 0.005 0.007
  37 24 2018 0.048 0.048 0.037 0.037 0.037 0.013 0.013 0.013 0.014 0.014 0.014 0.014 0.015 0.004 0.004 0.005 0.007
  38 24 2018 0.047 0.048 0.036 0.037 0.037 0.013 0.013 0.013 0.014 0.014 0.014 0.014 0.015 0.004 0.004 0.004 0.007
  39 24 2018 0.047 0.048 0.036 0.037 0.037 0.013 0.013 0.013 0.013 0.014 0.014 0.014 0.015 0.004 0.004 0.004 0.007
  40 24 2018 0.049 0.050 0.037 0.037 0.037 0.013 0.013 0.013 0.013 0.014 0.014 0.014 0.015 0.004 0.004 0.004 0.007
  41 24 2018 0.049 0.050 0.038 0.038 0.038 0.013 0.013 0.013 0.014 0.014 0.014 0.014 0.015 0.004 0.004 0.004 0.007
  42 24 2018 0.048 0.049 0.037 0.037 0.038 0.013 0.013 0.014 0.014 0.014 0.014 0.014 0.015 0.004 0.004 0.004 0.007
  43 24 2018 0.047 0.048 0.036 0.037 0.037 0.013 0.013 0.013 0.014 0.014 0.014 0.014 0.015 0.004 0.004 0.004 0.007
  44 24 2018 0.048 0.048 0.036 0.037 0.037 0.013 0.013 0.013 0.014 0.014 0.014 0.014 0.015 0.004 0.004 0.004 0.007
  45 24 2018 0.049 0.049 0.037 0.037 0.037 0.013 0.013 0.013 0.013 0.014 0.014 0.014 0.015 0.004 0.004 0.004 0.007
  46 24 2018 0.048 0.049 0.037 0.037 0.037 0.013 0.013 0.013 0.014 0.014 0.014 0.014 0.015 0.004 0.004 0.004 0.007
  47 24 2018 0.047 0.047 0.036 0.037 0.037 0.013 0.013 0.013 0.014 0.014 0.014 0.014 0.015 0.004 0.004 0.004 0.007
  48 24 2018 0.046 0.047 0.036 0.036 0.037 0.013 0.013 0.013 0.013 0.014 0.014 0.014 0.015 0.004 0.004 0.004 0.007
  49 24 2018 0.047 0.048 0.036 0.036 0.036 0.013 0.013 0.013 0.013 0.013 0.014 0.014 0.014 0.004 0.004 0.004 0.007
  50 24 2018 0.048 0.049 0.037 0.037 0.037 0.013 0.013 0.013 0.013 0.013 0.014 0.014 0.014 0.003 0.004 0.004 0.007
  51 24 2018 0.045 0.047 0.036 0.036 0.037 0.013 0.013 0.013 0.013 0.014 0.014 0.014 0.014 0.003 0.004 0.004 0.007
  52 24 2018 0.044 0.045 0.034 0.035 0.036 0.013 0.013 0.013 0.013 0.013 0.014 0.014 0.014 0.003 0.004 0.004 0.007
  53 24 2018 0.043 0.044 0.034 0.035 0.035 0.012 0.013 0.013 0.013 0.013 0.013 0.014 0.014 0.003 0.004 0.004 0.007
  54 24 2018 0.043 0.044 0.033 0.034 0.035 0.012 0.012 0.013 0.013 0.013 0.013 0.014 0.014 0.003 0.004 0.004 0.007
  55 24 2018 0.043 0.044 0.033 0.034 0.034 0.012 0.012 0.012 0.013 0.013 0.013 0.013 0.014 0.003 0.004 0.004 0.007
  56 24 2018 0.043 0.044 0.033 0.034 0.034 0.012 0.012 0.012 0.012 0.013 0.013 0.013 0.014 0.003 0.004 0.004 0.007
  57 24 2018 0.043 0.044 0.033 0.034 0.034 0.012 0.012 0.012 0.012 0.013 0.013 0.013 0.014 0.003 0.003 0.004 0.007
  58 24 2018 0.043 0.045 0.034 0.034 0.034 0.012 0.012 0.012 0.012 0.013 0.013 0.013 0.013 0.003 0.003 0.004 0.007
  59 24 2018 0.044 0.045 0.034 0.034 0.034 0.012 0.012 0.012 0.012 0.012 0.013 0.013 0.013 0.003 0.003 0.004 0.007
  60 24 2018 0.044 0.045 0.034 0.034 0.034 0.012 0.012 0.012 0.012 0.012 0.013 0.013 0.013 0.003 0.003 0.004 0.007
  61 24 2018 0.046 0.047 0.035 0.035 0.035 0.012 0.012 0.012 0.012 0.013 0.013 0.013 0.013 0.003 0.003 0.004 0.007
  62 24 2018 0.053 0.050 0.037 0.036 0.036 0.012 0.012 0.013 0.013 0.013 0.013 0.013 0.013 0.003 0.003 0.004 0.007
  63 24 2018 0.059 0.054 0.039 0.038 0.037 0.013 0.013 0.013 0.013 0.013 0.013 0.013 0.013 0.003 0.003 0.004 0.007
  64 24 2018 0.047 0.049 0.038 0.038 0.038 0.013 0.013 0.013 0.013 0.013 0.013 0.013 0.013 0.003 0.003 0.003 0.007
  65 24 2018 0.044 0.045 0.034 0.035 0.036 0.013 0.013 0.013 0.013 0.013 0.013 0.013 0.014 0.003 0.003 0.003 0.007
  66 24 2018 0.044 0.045 0.033 0.034 0.035 0.012 0.012 0.013 0.013 0.013 0.013 0.013 0.014 0.003 0.003 0.003 0.007
  67 24 2018 0.047 0.046 0.033 0.035 0.035 0.012 0.012 0.013 0.013 0.013 0.013 0.013 0.014 0.003 0.003 0.003 0.007
  68 24 2018 0.050 0.049 0.035 0.036 0.036 0.012 0.013 0.013 0.013 0.013 0.013 0.013 0.013 0.003 0.003 0.003 0.007
  69 24 2018 0.048 0.049 0.036 0.037 0.037 0.013 0.013 0.013 0.013 0.013 0.013 0.013 0.013 0.003 0.003 0.003 0.007
  70 24 2018 0.046 0.046 0.035 0.036 0.036 0.013 0.013 0.013 0.013 0.013 0.013 0.013 0.013 0.003 0.003 0.003 0.007
  71 24 2018 0.048 0.048 0.035 0.036 0.036 0.013 0.013 0.013 0.013 0.013 0.013 0.013 0.013 0.003 0.003 0.003 0.007
  72 24 2018 0.064 0.054 0.037 0.037 0.037 0.013 0.013 0.013 0.013 0.013 0.013 0.013 0.013 0.003 0.003 0.003 0.007
  73 24 2018 0.099 0.072 0.057 0.042 0.040 0.014 0.013 0.013 0.013 0.013 0.013 0.013 0.014 0.003 0.003 0.003 0.007
  74 24 2018 0.099 0.087 0.058 0.048 0.045 0.015 0.014 0.014 0.014 0.014 0.014 0.014 0.014 0.003 0.003 0.003 0.007
  75 24 2018 0.070 0.069 0.050 0.047 0.045 0.016 0.015 0.015 0.014 0.014 0.014 0.014 0.014 0.003 0.003 0.003 0.007
  76 24 2018 0.065 0.058 0.043 0.044 0.044 0.015 0.015 0.015 0.015 0.015 0.015 0.014 0.014 0.003 0.003 0.003 0.007
  77 24 2018 0.060 0.056 0.042 0.042 0.042 0.015 0.015 0.015 0.015 0.015 0.015 0.015 0.015 0.003 0.003 0.004 0.007
  78 24 2018 0.051 0.051 0.039 0.040 0.041 0.015 0.015 0.015 0.015 0.015 0.015 0.015 0.015 0.003 0.003 0.004 0.007
  79 24 2018 0.047 0.048 0.037 0.038 0.039 0.014 0.014 0.014 0.014 0.014 0.015 0.015 0.015 0.003 0.004 0.004 0.007
  80 24 2018 0.058 0.050 0.037 0.037 0.037 0.013 0.013 0.014 0.014 0.014 0.014 0.015 0.015 0.003 0.004 0.004 0.007
  81 24 2018 0.075 0.056 0.040 0.039 0.039 0.014 0.014 0.014 0.014 0.014 0.014 0.014 0.015 0.003 0.004 0.004 0.007
  82 24 2018 0.105 0.068 0.046 0.044 0.042 0.015 0.014 0.014 0.014 0.014 0.014 0.014 0.015 0.003 0.004 0.004 0.007
  83 24 2018 0.093 0.063 0.045 0.044 0.043 0.015 0.015 0.015 0.015 0.015 0.015 0.015 0.015 0.003 0.004 0.004 0.007
  84 24 2018 0.098 0.065 0.046 0.045 0.044 0.015 0.015 0.015 0.015 0.015 0.015 0.015 0.015 0.004 0.004 0.004 0.007
  85 24 2018 0.070 0.064 0.047 0.046 0.045 0.016 0.016 0.015 0.015 0.015 0.015 0.015 0.015 0.004 0.004 0.004 0.007
  86 24 2018 0.052 0.054 0.042 0.043 0.044 0.016 0.016 0.015 0.015 0.015 0.015 0.015 0.015 0.004 0.004 0.004 0.007
  87 24 2018 0.051 0.052 0.039 0.040 0.041 0.015 0.015 0.015 0.015 0.015 0.015 0.015 0.015 0.004 0.004 0.004 0.007
  88 24 2018 0.049 0.050 0.038 0.039 0.040 0.014 0.014 0.015 0.015 0.015 0.015 0.015 0.015 0.004 0.004 0.004 0.007
  89 24 2018 0.055 0.052 0.038 0.038 0.039 0.014 0.014 0.014 0.014 0.015 0.015 0.015 0.015 0.004 0.004 0.004 0.007
  90 24 2018 0.064 0.056 0.041 0.040 0.040 0.014 0.014 0.014 0.014 0.015 0.015 0.015 0.015 0.004 0.004 0.004 0.007
  91 24 2018 0.070 0.059 0.043 0.042 0.042 0.015 0.015 0.015 0.015 0.015 0.015 0.015 0.015 0.004 0.004 0.004 0.007
  92 24 2018 0.093 0.068 0.047 0.044 0.043 0.015 0.015 0.015 0.015 0.015 0.015 0.015 0.015 0.004 0.004 0.004 0.007
  93 24 2018 0.067 0.052 0.040 0.041 0.042 0.015 0.015 0.015 0.015 0.015 0.015 0.015 0.015 0.004 0.004 0.004 0.007
  94 24 2018 0.090 0.081 0.040 0.039 0.039 0.014 0.014 0.014 0.015 0.015 0.015 0.015 0.015 0.004 0.004 0.004 0.007
  95 24 2018 0.107 0.103 0.051 0.046 0.044 0.015 0.015 0.015 0.015 0.015 0.015 0.015 0.015 0.004 0.004 0.004 0.007
  96 24 2018 0.071 0.114 0.056 0.050 0.047 0.016 0.016 0.016 0.015 0.015 0.015 0.016 0.017 0.004 0.004 0.004 0.007
  97 24 2018 0.075 0.077 0.054 0.051 0.049 0.017 0.017 0.016 0.016 0.016 0.016 0.016 0.016 0.004 0.004 0.004 0.007
  98 24 2018 0.083 0.080 0.055 0.052 0.050 0.018 0.017 0.017 0.017 0.017 0.016 0.016 0.016 0.004 0.004 0.004 0.007
  99 24 2018 0.067 0.068 0.051 0.051 0.050 0.018 0.017 0.017 0.017 0.017 0.017 0.017 0.017 0.004 0.004 0.004 0.007
 100 24 2018 0.067 0.062 0.047 0.048 0.048 0.017 0.017 0.017 0.017 0.017 0.017 0.017 0.017 0.004 0.004 0.004 0.007
 101 24 2018 0.086 0.066 0.049 0.048 0.048 0.017 0.017 0.017 0.017 0.017 0.017 0.017 0.017 0.004 0.004 0.004 0.007
 102 24 2018 0.097 0.102 0.060 0.051 0.049 0.017 0.017 0.017 0.017 0.017 0.017 0.017 0.017 0.004 0.004 0.004 0.007
 103 24 2018 0.065 0.068 0.054 0.052 0.051 0.018 0.018 0.018 0.017 0.017 0.017 0.017 0.017 0.004 0.004 0.004 0.007
 104 24 2018 0.090 0.097 0.046 0.043 0.044 0.016 0.017 0.017 0.017 0.017 0.017 0.017 0.017 0.004 0.004 0.004 0.007
 105 24 2018 0.110 0.120 0.081 0.063 0.050 0.017 0.017 0.017 0.017 0.017 0.017 0.017 0.018 0.004 0.004 0.004 0.007
 106 24 2018 0.121 0.142 0.107 0.099 0.067 0.020 0.018 0.018 0.018 0.017 0.017 0.017 0.018 0.004 0.004 0.004 0.007
 107 24 2018 0.110 0.142 0.108 0.108 0.106 0.023 0.020 0.019 0.019 0.018 0.018 0.018 0.018 0.004 0.004 0.004 0.007
 108 24 2018 0.097 0.112 0.102 0.102 0.103 0.024 0.022 0.020 0.019 0.019 0.019 0.018 0.019 0.004 0.004 0.005 0.007
 109 24 2018 0.110 0.129 0.104 0.095 0.102 0.025 0.022 0.021 0.020 0.020 0.019 0.019 0.019 0.004 0.005 0.005 0.007
 110 24 2018 0.101 0.138 0.107 0.102 0.102 0.026 0.023 0.022 0.021 0.020 0.020 0.019 0.020 0.005 0.005 0.005 0.007
 111 24 2018 0.069 0.114 0.104 0.101 0.102 0.026 0.023 0.022 0.021 0.021 0.020 0.020 0.020 0.005 0.005 0.005 0.007
 112 24 2018 0.086 0.093 0.099 0.100 0.100 0.027 0.024 0.023 0.022 0.021 0.021 0.021 0.021 0.005 0.005 0.005 0.007
 113 24 2018 0.112 0.112 0.102 0.102 0.103 0.027 0.024 0.023 0.022 0.022 0.021 0.021 0.021 0.005 0.005 0.005 0.007
 114 24 2018 0.093 0.143 0.108 0.109 0.110 0.033 0.026 0.024 0.023 0.022 0.022 0.021 0.021 0.005 0.005 0.005 0.007
 115 24 2018 0.079 0.135 0.102 0.103 0.103 0.031 0.026 0.024 0.023 0.023 0.022 0.022 0.022 0.005 0.005 0.005 0.007
 116 24 2018 0.094 0.125 0.097 0.096 0.097 0.030 0.027 0.025 0.024 0.023 0.022 0.022 0.022 0.005 0.005 0.005 0.007
 117 24 2018 0.111 0.123 0.103 0.101 0.103 0.031 0.027 0.025 0.024 0.023 0.023 0.022 0.022 0.005 0.005 0.005 0.007
 118 24 2018 0.137 0.150 0.114 0.114 0.115 0.049 0.035 0.026 0.024 0.024 0.023 0.023 0.023 0.005 0.005 0.006 0.007
 119 24 2018 0.147 0.148 0.112 0.113 0.114 0.044 0.045 0.044 0.032 0.025 0.024 0.023 0.023 0.006 0.006 0.006 0.007
 120 24 2018 0.135 0.136 0.102 0.103 0.104 0.040 0.040 0.041 0.042 0.038 0.026 0.023 0.023 0.006 0.006 0.006 0.007
 121 24 2018 0.133 0.132 0.099 0.100 0.100 0.038 0.039 0.039 0.039 0.040 0.038 0.024 0.024 0.006 0.006 0.006 0.007
 122 24 2018 0.138 0.137 0.104 0.104 0.105 0.040 0.040 0.041 0.041 0.041 0.041 0.028 0.025 0.006 0.006 0.006 0.007
 123 24 2018 0.142 0.143 0.107 0.108 0.109 0.044 0.042 0.042 0.042 0.043 0.043 0.036 0.031 0.007 0.006 0.006 0.007
 124 24 2018 0.154 0.155 0.117 0.118 0.119 0.049 0.048 0.048 0.049 0.050 0.051 0.040 0.032 0.008 0.007 0.006 0.007
 125 24 2018 0.158 0.159 0.120 0.120 0.120 0.053 0.052 0.053 0.054 0.055 0.057 0.042 0.032 0.010 0.008 0.007 0.007
 126 24 2018 0.130 0.160 0.120 0.120 0.120 0.053 0.053 0.054 0.055 0.057 0.059 0.043 0.033 0.014 0.012 0.015 0.007
 127 24 2018 0.131 0.159 0.120 0.120 0.120 0.052 0.053 0.053 0.054 0.056 0.058 0.043 0.034 0.014 0.011 0.014 0.007
 128 24 2018 0.146 0.153 0.116 0.116 0.117 0.048 0.048 0.049 0.050 0.052 0.053 0.044 0.034 0.013 0.011 0.015 0.007
 129 24 2018 0.139 0.140 0.106 0.107 0.107 0.041 0.042 0.043 0.044 0.044 0.045 0.046 0.035 0.013 0.011 0.012 0.007
 130 24 2018 0.125 0.126 0.095 0.095 0.096 0.037 0.038 0.039 0.039 0.040 0.041 0.042 0.042 0.012 0.011 0.011 0.007
 131 24 2018 0.120 0.119 0.090 0.090 0.090 0.034 0.035 0.036 0.037 0.038 0.038 0.040 0.041 0.011 0.011 0.011 0.009
 132 24 2018 0.123 0.122 0.092 0.092 0.092 0.035 0.035 0.036 0.036 0.037 0.037 0.038 0.038 0.010 0.011 0.011 0.011
 133 24 2018 0.140 0.137 0.103 0.103 0.103 0.040 0.039 0.039 0.039 0.039 0.039 0.039 0.039 0.010 0.011 0.011 0.011
 134 24 2018 0.141 0.141 0.107 0.107 0.108 0.042 0.042 0.042 0.042 0.042 0.043 0.043 0.044 0.012 0.011 0.011 0.011
 135 24 2018 0.136 0.137 0.103 0.104 0.104 0.040 0.040 0.041 0.041 0.042 0.042 0.043 0.043 0.012 0.012 0.012 0.012
 136 24 2018 0.124 0.124 0.094 0.094 0.095 0.036 0.037 0.038 0.038 0.039 0.039 0.040 0.041 0.011 0.011 0.011 0.011
 137 24 2018 0.105 0.106 0.080 0.081 0.081 0.031 0.033 0.034 0.035 0.035 0.036 0.037 0.038 0.010 0.010 0.011 0.011
 138 24 2018 0.099 0.097 0.073 0.074 0.074 0.028 0.030 0.031 0.032 0.033 0.033 0.034 0.035 0.009 0.010 0.010 0.010
 139 24 2018 0.129 0.122 0.091 0.091 0.091 0.034 0.034 0.034 0.033 0.033 0.033 0.034 0.034 0.009 0.009 0.010 0.010
 140 24 2018 0.138 0.138 0.104 0.104 0.105 0.041 0.040 0.040 0.039 0.039 0.039 0.038 0.038 0.010 0.010 0.009 0.009
 141 24 2018 0.133 0.134 0.101 0.102 0.102 0.039 0.040 0.040 0.040 0.041 0.041 0.042 0.042 0.011 0.011 0.010 0.010
 142 24 2018 0.124 0.124 0.093 0.094 0.094 0.036 0.036 0.037 0.038 0.038 0.038 0.039 0.040 0.010 0.011 0.011 0.011
 143 24 2018 0.114 0.115 0.087 0.087 0.087 0.033 0.034 0.035 0.035 0.036 0.036 0.037 0.037 0.010 0.010 0.010 0.010
 144 24 2018 0.096 0.097 0.074 0.075 0.076 0.029 0.031 0.032 0.033 0.034 0.034 0.035 0.035 0.009 0.010 0.010 0.010
 145 24 2018 0.066 0.073 0.058 0.062 0.063 0.025 0.028 0.030 0.031 0.031 0.032 0.033 0.034 0.009 0.009 0.010 0.010
 146 24 2018 0.038 0.055 0.044 0.051 0.054 0.022 0.026 0.028 0.029 0.030 0.031 0.032 0.032 0.008 0.009 0.009 0.009
 147 24 2018 0.025 0.049 0.040 0.048 0.051 0.021 0.025 0.027 0.028 0.029 0.030 0.031 0.031 0.008 0.009 0.009 0.009
 148 24 2018 0.035 0.049 0.042 0.047 0.049 0.020 0.025 0.026 0.027 0.028 0.029 0.030 0.030 0.008 0.008 0.009 0.009
 149 24 2018 0.033 0.051 0.040 0.046 0.048 0.020 0.024 0.026 0.027 0.028 0.028 0.029 0.030 0.008 0.008 0.009 0.009
 150 24 2018 0.026 0.048 0.039 0.045 0.047 0.019 0.024 0.025 0.026 0.027 0.028 0.029 0.029 0.008 0.008 0.008 0.008
 151 24 2018 0.025 0.044 0.037 0.044 0.046 0.019 0.023 0.025 0.026 0.027 0.027 0.028 0.029 0.007 0.008 0.008 0.008
 152 24 2018 0.024 0.040 0.037 0.043 0.046 0.019 0.023 0.025 0.026 0.026 0.027 0.028 0.028 0.007 0.008 0.008 0.008
 153 24 2018 0.024 0.036 0.036 0.043 0.045 0.019 0.023 0.024 0.025 0.026 0.026 0.027 0.028 0.007 0.008 0.008 0.008
 154 24 2018 0.025 0.035 0.038 0.042 0.045 0.018 0.022 0.024 0.025 0.026 0.026 0.027 0.027 0.007 0.008 0.008 0.008
 155 24 2018 0.024 0.034 0.037 0.042 0.044 0.018 0.022 0.024 0.025 0.025 0.026 0.027 0.027 0.007 0.007 0.008 0.008
 156 24 2018 0.023 0.031 0.036 0.042 0.044 0.018 0.022 0.023 0.024 0.025 0.026 0.026 0.027 0.007 0.007 0.008 0.008
 157 24 2018 0.024 0.030 0.035 0.041 0.044 0.018 0.022 0.023 0.024 0.025 0.025 0.026 0.027 0.007 0.007 0.008 0.008
 158 24 2018 0.024 0.029 0.035 0.041 0.043 0.018 0.021 0.023 0.024 0.025 0.025 0.026 0.026 0.007 0.007 0.008 0.008
 159 24 2018 0.023 0.028 0.034 0.040 0.043 0.017 0.021 0.023 0.024 0.024 0.025 0.026 0.026 0.007 0.007 0.007 0.007
 160 24 2018 0.023 0.028 0.034 0.040 0.042 0.017 0.021 0.023 0.024 0.024 0.025 0.025 0.026 0.007 0.007 0.007 0.007
 161 24 2018 0.022 0.027 0.033 0.040 0.042 0.017 0.021 0.022 0.023 0.024 0.025 0.025 0.026 0.007 0.007 0.007 0.007
 162 24 2018 0.023 0.027 0.033 0.039 0.042 0.017 0.021 0.022 0.023 0.024 0.024 0.025 0.026 0.007 0.007 0.007 0.007
 163 24 2018 0.023 0.027 0.032 0.039 0.042 0.017 0.021 0.022 0.023 0.024 0.024 0.025 0.025 0.007 0.007 0.007 0.007
 164 24 2018 0.024 0.027 0.032 0.039 0.041 0.017 0.021 0.022 0.023 0.024 0.024 0.025 0.025 0.006 0.007 0.007 0.007
 165 24 2018 0.023 0.027 0.032 0.038 0.041 0.017 0.020 0.022 0.023 0.023 0.024 0.025 0.025 0.006 0.007 0.007 0.007
 166 24 2018 0.027 0.027 0.031 0.038 0.041 0.017 0.020 0.022 0.023 0.023 0.024 0.025 0.025 0.006 0.007 0.007 0.007
 167 24 2018 0.045 0.030 0.032 0.038 0.040 0.017 0.020 0.022 0.023 0.023 0.024 0.024 0.025 0.006 0.007 0.007 0.007
 168 24 2018 0.136 0.106 0.075 0.073 0.071 0.028 0.027 0.025 0.025 0.024 0.024 0.024 0.025 0.006 0.007 0.007 0.007
 169 24 2018 0.133 0.134 0.101 0.101 0.102 0.039 0.039 0.038 0.038 0.037 0.036 0.033 0.031 0.007 0.007 0.007 0.007
 170 24 2018 0.129 0.128 0.096 0.097 0.097 0.037 0.037 0.037 0.037 0.037 0.037 0.036 0.036 0.009 0.008 0.007 0.007
 171 24 2018 0.121 0.122 0.092 0.092 0.092 0.035 0.035 0.036 0.036 0.036 0.036 0.037 0.037 0.009 0.009 0.008 0.008
 172 24 2018 0.105 0.105 0.080 0.080 0.080 0.031 0.032 0.033 0.034 0.034 0.034 0.035 0.035 0.009 0.009 0.008 0.008
 173 24 2018 0.066 0.078 0.062 0.066 0.067 0.026 0.029 0.030 0.031 0.032 0.032 0.033 0.033 0.009 0.009 0.008 0.008
 174 24 2018 0.034 0.056 0.045 0.052 0.054 0.022 0.026 0.028 0.029 0.030 0.031 0.031 0.032 0.008 0.008 0.008 0.008
 175 24 2018 0.061 0.056 0.045 0.049 0.051 0.021 0.025 0.027 0.028 0.029 0.029 0.030 0.031 0.008 0.008 0.008 0.008
 176 24 2018 0.040 0.055 0.042 0.048 0.050 0.020 0.024 0.026 0.027 0.028 0.029 0.029 0.030 0.008 0.008 0.008 0.008
 177 24 2018 0.024 0.046 0.038 0.046 0.048 0.020 0.024 0.026 0.027 0.027 0.028 0.029 0.029 0.008 0.008 0.008 0.008
 178 24 2018 0.024 0.041 0.037 0.044 0.047 0.019 0.023 0.025 0.026 0.027 0.027 0.028 0.029 0.007 0.008 0.008 0.008
 179 24 2018 0.024 0.036 0.036 0.043 0.046 0.019 0.023 0.025 0.026 0.026 0.027 0.028 0.028 0.007 0.008 0.008 0.008
 180 24 2018 0.024 0.033 0.037 0.043 0.045 0.019 0.023 0.024 0.025 0.026 0.027 0.027 0.028 0.007 0.008 0.008 0.008
 181 24 2018 0.031 0.033 0.037 0.042 0.045 0.018 0.022 0.024 0.025 0.026 0.026 0.027 0.027 0.007 0.008 0.008 0.008
 182 24 2018 0.027 0.034 0.037 0.042 0.044 0.018 0.022 0.024 0.025 0.025 0.026 0.027 0.027 0.007 0.007 0.008 0.008
 183 24 2018 0.024 0.032 0.036 0.042 0.044 0.018 0.022 0.023 0.024 0.025 0.026 0.026 0.027 0.007 0.007 0.008 0.008
 184 24 2018 0.024 0.030 0.035 0.041 0.044 0.018 0.022 0.023 0.024 0.025 0.025 0.026 0.027 0.007 0.007 0.008 0.008
 185 24 2018 0.024 0.030 0.035 0.041 0.043 0.018 0.021 0.023 0.024 0.025 0.025 0.026 0.026 0.007 0.007 0.007 0.007
 186 24 2018 0.026 0.030 0.035 0.040 0.043 0.017 0.021 0.023 0.024 0.024 0.025 0.026 0.026 0.007 0.007 0.007 0.007
 187 24 2018 0.026 0.031 0.035 0.040 0.042 0.017 0.021 0.023 0.024 0.024 0.025 0.025 0.026 0.007 0.007 0.007 0.007
 188 24 2018 0.070 0.043 0.035 0.040 0.042 0.017 0.021 0.022 0.023 0.024 0.025 0.025 0.026 0.007 0.007 0.007 0.007
 189 24 2018 0.040 0.054 0.039 0.041 0.042 0.017 0.021 0.022 0.023 0.024 0.024 0.025 0.026 0.007 0.007 0.007 0.007
 190 24 2018 0.026 0.044 0.036 0.040 0.042 0.017 0.021 0.022 0.023 0.024 0.024 0.025 0.025 0.006 0.007 0.007 0.007
 191 24 2018 0.025 0.038 0.035 0.040 0.042 0.017 0.021 0.022 0.023 0.024 0.024 0.025 0.025 0.006 0.007 0.007 0.007
 192 24 2018 0.024 0.033 0.035 0.040 0.042 0.017 0.020 0.022 0.023 0.023 0.024 0.025 0.025 0.006 0.007 0.007 0.007
 193 24 2018 0.040 0.033 0.035 0.039 0.041 0.017 0.020 0.022 0.023 0.023 0.024 0.024 0.025 0.006 0.007 0.007 0.007
 194 24 2018 0.046 0.038 0.034 0.039 0.041 0.017 0.020 0.022 0.022 0.023 0.024 0.024 0.025 0.006 0.007 0.007 0.007
 195 24 2018 0.032 0.038 0.034 0.039 0.041 0.016 0.020 0.021 0.022 0.023 0.023 0.024 0.025 0.006 0.007 0.007 0.007
 196 24 2018 0.089 0.070 0.047 0.044 0.043 0.016 0.020 0.021 0.022 0.023 0.023 0.024 0.024 0.006 0.007 0.007 0.007
 197 24 2018 0.085 0.083 0.062 0.062 0.062 0.022 0.021 0.021 0.022 0.023 0.023 0.024 0.024 0.006 0.007 0.007 0.007
 198 24 2018 0.058 0.067 0.053 0.056 0.057 0.021 0.022 0.022 0.022 0.023 0.023 0.024 0.024 0.006 0.007 0.007 0.007
 199 24 2018 0.030 0.052 0.041 0.047 0.049 0.019 0.021 0.022 0.022 0.023 0.023 0.024 0.024 0.006 0.007 0.007 0.007
 200 24 2018 0.025 0.044 0.037 0.044 0.046 0.018 0.021 0.022 0.022 0.023 0.023 0.024 0.024 0.006 0.007 0.007 0.007
 201 24 2018 0.025 0.039 0.036 0.042 0.044 0.017 0.020 0.021 0.022 0.023 0.023 0.024 0.024 0.006 0.007 0.007 0.007
 202 24 2018 0.029 0.037 0.036 0.041 0.043 0.017 0.020 0.021 0.022 0.023 0.023 0.024 0.024 0.006 0.007 0.007 0.007
 203 24 2018 0.092 0.071 0.049 0.046 0.045 0.017 0.020 0.021 0.022 0.022 0.023 0.023 0.024 0.006 0.006 0.007 0.007
 204 24 2018 0.116 0.106 0.079 0.078 0.078 0.028 0.025 0.023 0.022 0.022 0.023 0.023 0.024 0.006 0.006 0.007 0.007
 205 24 2018 0.116 0.116 0.087 0.088 0.088 0.033 0.032 0.031 0.030 0.028 0.026 0.024 0.024 0.006 0.006 0.007 0.007
 206 24 2018 0.107 0.105 0.079 0.079 0.079 0.030 0.030 0.030 0.029 0.029 0.028 0.027 0.025 0.006 0.006 0.007 0.007
 207 24 2018 0.100 0.099 0.075 0.075 0.075 0.028 0.028 0.028 0.028 0.028 0.028 0.027 0.027 0.006 0.006 0.007 0.007
 208 24 2018 0.083 0.084 0.065 0.066 0.066 0.025 0.026 0.027 0.027 0.027 0.028 0.027 0.027 0.007 0.007 0.007 0.007
 209 24 2018 0.062 0.067 0.052 0.055 0.057 0.022 0.024 0.025 0.026 0.027 0.027 0.027 0.027 0.007 0.007 0.007 0.007
 210 24 2018 0.037 0.053 0.042 0.048 0.050 0.020 0.023 0.025 0.025 0.026 0.026 0.027 0.027 0.007 0.007 0.007 0.007
 211 24 2018 0.027 0.048 0.039 0.045 0.047 0.019 0.023 0.024 0.025 0.025 0.026 0.026 0.027 0.007 0.007 0.007 0.007
 212 24 2018 0.026 0.045 0.038 0.043 0.046 0.018 0.022 0.024 0.024 0.025 0.026 0.026 0.026 0.007 0.007 0.007 0.007
 213 24 2018 0.027 0.043 0.037 0.042 0.044 0.018 0.022 0.023 0.024 0.025 0.025 0.026 0.026 0.007 0.007 0.007 0.007
 214 24 2018 0.026 0.041 0.036 0.041 0.044 0.018 0.021 0.023 0.024 0.024 0.025 0.026 0.026 0.006 0.007 0.007 0.007
 215 24 2018 0.053 0.042 0.036 0.041 0.043 0.017 0.021 0.023 0.023 0.024 0.025 0.025 0.026 0.006 0.007 0.007 0.007
 216 24 2018 0.036 0.047 0.036 0.040 0.042 0.017 0.021 0.022 0.023 0.024 0.024 0.025 0.025 0.006 0.007 0.007 0.007
 217 24 2018 0.036 0.046 0.037 0.040 0.042 0.017 0.021 0.022 0.023 0.024 0.024 0.025 0.025 0.006 0.007 0.007 0.007
 218 24 2018 0.033 0.045 0.037 0.040 0.042 0.017 0.021 0.022 0.023 0.023 0.024 0.025 0.025 0.006 0.006 0.007 0.007
 219 24 2018 0.027 0.043 0.036 0.040 0.042 0.017 0.020 0.022 0.023 0.023 0.024 0.024 0.025 0.006 0.006 0.007 0.007
 220 24 2018 0.032 0.042 0.036 0.040 0.041 0.017 0.020 0.022 0.023 0.023 0.024 0.024 0.025 0.006 0.006 0.007 0.007
 221 24 2018 0.028 0.041 0.036 0.039 0.041 0.017 0.020 0.021 0.022 0.023 0.023 0.024 0.024 0.006 0.006 0.007 0.007
 222 24 2018 0.025 0.039 0.035 0.039 0.041 0.016 0.020 0.021 0.022 0.023 0.023 0.024 0.024 0.006 0.006 0.007 0.007
 223 24 2018 0.025 0.035 0.035 0.039 0.041 0.016 0.020 0.021 0.022 0.023 0.023 0.024 0.024 0.006 0.006 0.007 0.007
 224 24 2018 0.024 0.032 0.035 0.039 0.041 0.016 0.020 0.021 0.022 0.023 0.023 0.024 0.024 0.006 0.006 0.007 0.007
 225 24 2018 0.024 0.030 0.034 0.038 0.040 0.016 0.020 0.021 0.022 0.022 0.023 0.024 0.024 0.006 0.006 0.006 0.006
 226 24 2018 0.026 0.030 0.033 0.038 0.040 0.016 0.020 0.021 0.022 0.022 0.023 0.023 0.024 0.006 0.006 0.006 0.006
 227 24 2018 0.026 0.030 0.033 0.038 0.040 0.016 0.019 0.021 0.022 0.022 0.023 0.023 0.024 0.006 0.006 0.006 0.006
 228 24 2018 0.024 0.029 0.033 0.038 0.040 0.016 0.019 0.021 0.022 0.022 0.023 0.023 0.024 0.006 0.006 0.006 0.006
 229 24 2018 0.025 0.029 0.032 0.037 0.039 0.016 0.019 0.021 0.021 0.022 0.022 0.023 0.023 0.006 0.006 0.006 0.006
 230 24 2018 0.031 0.030 0.032 0.037 0.039 0.016 0.019 0.020 0.021 0.022 0.022 0.023 0.023 0.006 0.006 0.006 0.006
 231 24 2018 0.028 0.031 0.032 0.037 0.039 0.015 0.019 0.020 0.021 0.022 0.022 0.023 0.023 0.006 0.006 0.006 0.006
 232 24 2018 0.025 0.031 0.032 0.036 0.038 0.015 0.019 0.020 0.021 0.022 0.022 0.023 0.023 0.006 0.006 0.006 0.006
 233 24 2018 0.063 0.036 0.032 0.036 0.038 0.015 0.019 0.020 0.021 0.022 0.022 0.023 0.023 0.006 0.006 0.006 0.006
 234 24 2018 0.041 0.049 0.035 0.036 0.038 0.015 0.019 0.020 0.021 0.021 0.022 0.023 0.023 0.006 0.006 0.006 0.006
 235 24 2018 0.027 0.045 0.035 0.037 0.038 0.015 0.019 0.020 0.021 0.021 0.022 0.022 0.023 0.006 0.006 0.006 0.006
 236 24 2018 0.025 0.041 0.034 0.037 0.038 0.015 0.019 0.020 0.021 0.021 0.022 0.022 0.023 0.006 0.006 0.006 0.006
 237 24 2018 0.030 0.038 0.032 0.037 0.038 0.015 0.019 0.020 0.021 0.021 0.022 0.022 0.023 0.006 0.006 0.006 0.006
 238 24 2018 0.027 0.036 0.032 0.036 0.038 0.015 0.018 0.020 0.021 0.021 0.022 0.022 0.023 0.006 0.006 0.006 0.006
 239 24 2018 0.043 0.035 0.033 0.036 0.038 0.015 0.018 0.020 0.021 0.021 0.022 0.022 0.023 0.006 0.006 0.006 0.006
 240 24 2018 0.035 0.037 0.033 0.036 0.038 0.015 0.018 0.020 0.020 0.021 0.022 0.022 0.022 0.006 0.006 0.006 0.006
 241 24 2018 0.025 0.035 0.033 0.036 0.038 0.015 0.018 0.020 0.020 0.021 0.021 0.022 0.022 0.006 0.006 0.006 0.006
 242 24 2018 0.023 0.033 0.033 0.036 0.038 0.015 0.018 0.020 0.020 0.021 0.021 0.022 0.022 0.006 0.006 0.006 0.006
 243 24 2018 0.024 0.031 0.032 0.036 0.038 0.015 0.018 0.019 0.020 0.021 0.021 0.022 0.022 0.006 0.006 0.006 0.006
 244 24 2018 0.025 0.031 0.032 0.035 0.037 0.015 0.018 0.019 0.020 0.021 0.021 0.022 0.022 0.006 0.006 0.006 0.006
 245 24 2018 0.025 0.030 0.032 0.035 0.037 0.015 0.018 0.019 0.020 0.021 0.021 0.022 0.022 0.006 0.006 0.006 0.006
 246 24 2018 0.025 0.030 0.031 0.035 0.037 0.015 0.018 0.019 0.020 0.021 0.021 0.022 0.022 0.006 0.006 0.006 0.006
 247 24 2018 0.025 0.030 0.031 0.035 0.037 0.015 0.018 0.019 0.020 0.021 0.021 0.022 0.022 0.006 0.006 0.006 0.006
 248 24 2018 0.071 0.044 0.032 0.035 0.037 0.015 0.018 0.019 0.020 0.020 0.021 0.022 0.022 0.006 0.006 0.006 0.006
 249 24 2018 0.067 0.064 0.043 0.038 0.037 0.014 0.018 0.019 0.020 0.020 0.021 0.021 0.022 0.005 0.006 0.006 0.006
 250 24 2018 0.062 0.061 0.044 0.042 0.040 0.015 0.018 0.019 0.020 0.020 0.021 0.021 0.022 0.005 0.006 0.006 0.006
 251 24 2018 0.047 0.058 0.043 0.043 0.042 0.015 0.018 0.019 0.020 0.020 0.021 0.021 0.022 0.005 0.006 0.006 0.006
 252 24 2018 0.032 0.051 0.039 0.042 0.042 0.015 0.018 0.019 0.020 0.020 0.021 0.021 0.022 0.005 0.006 0.006 0.006
 253 24 2018 0.025 0.046 0.036 0.040 0.041 0.015 0.018 0.019 0.020 0.020 0.021 0.021 0.022 0.005 0.006 0.006 0.006
 254 24 2018 0.024 0.043 0.035 0.039 0.040 0.015 0.018 0.019 0.020 0.020 0.021 0.021 0.022 0.005 0.006 0.006 0.006
 255 24 2018 0.024 0.039 0.035 0.038 0.040 0.015 0.018 0.019 0.020 0.020 0.021 0.021 0.022 0.005 0.006 0.006 0.006
 256 24 2018 0.023 0.036 0.034 0.038 0.039 0.015 0.018 0.019 0.020 0.020 0.021 0.021 0.021 0.005 0.006 0.006 0.006
 257 24 2018 0.023 0.033 0.034 0.037 0.039 0.015 0.018 0.019 0.020 0.020 0.020 0.021 0.021 0.005 0.006 0.006 0.006
 258 24 2018 0.023 0.031 0.034 0.037 0.039 0.015 0.018 0.019 0.019 0.020 0.020 0.021 0.021 0.005 0.006 0.006 0.006
 259 24 2018 0.023 0.029 0.033 0.037 0.038 0.015 0.018 0.019 0.019 0.020 0.020 0.021 0.021 0.005 0.006 0.006 0.006
 260 24 2018 0.023 0.029 0.032 0.036 0.038 0.015 0.017 0.019 0.019 0.020 0.020 0.021 0.021 0.005 0.006 0.006 0.006
 261 24 2018 0.024 0.029 0.032 0.036 0.038 0.015 0.017 0.019 0.019 0.020 0.020 0.021 0.021 0.005 0.006 0.006 0.006
 262 24 2018 0.036 0.030 0.031 0.035 0.037 0.015 0.017 0.019 0.019 0.020 0.020 0.021 0.021 0.005 0.006 0.006 0.006
 263 24 2018 0.032 0.032 0.031 0.035 0.037 0.014 0.017 0.018 0.019 0.020 0.020 0.021 0.021 0.005 0.006 0.006 0.006
 264 24 2018 0.024 0.031 0.031 0.035 0.037 0.014 0.017 0.018 0.019 0.020 0.020 0.021 0.021 0.005 0.006 0.006 0.006
 265 24 2018 0.023 0.031 0.031 0.035 0.036 0.014 0.017 0.018 0.019 0.020 0.020 0.021 0.021 0.005 0.006 0.006 0.006
 266 24 2018 0.023 0.029 0.031 0.035 0.036 0.014 0.017 0.018 0.019 0.020 0.020 0.021 0.021 0.005 0.006 0.006 0.006
 267 24 2018 0.043 0.030 0.030 0.034 0.036 0.014 0.017 0.018 0.019 0.020 0.020 0.021 0.021 0.005 0.006 0.006 0.006
 268 24 2018 0.035 0.033 0.030 0.034 0.036 0.014 0.017 0.018 0.019 0.020 0.020 0.021 0.021 0.005 0.006 0.006 0.006
 269 24 2018 0.024 0.033 0.031 0.034 0.035 0.014 0.017 0.018 0.019 0.020 0.020 0.021 0.021 0.005 0.006 0.006 0.006
 270 24 2018 0.023 0.031 0.031 0.034 0.035 0.014 0.017 0.018 0.019 0.019 0.020 0.020 0.021 0.005 0.006 0.006 0.006
 271 24 2018 0.024 0.031 0.030 0.034 0.035 0.014 0.017 0.018 0.019 0.019 0.020 0.020 0.021 0.005 0.006 0.006 0.006
 272 24 2018 0.023 0.030 0.030 0.034 0.035 0.014 0.017 0.018 0.019 0.019 0.020 0.020 0.021 0.005 0.006 0.006 0.006
 273 24 2018 0.023 0.029 0.030 0.033 0.035 0.014 0.017 0.018 0.019 0.019 0.020 0.020 0.021 0.005 0.006 0.006 0.006
 274 24 2018 0.025 0.029 0.029 0.033 0.035 0.014 0.017 0.018 0.019 0.019 0.020 0.020 0.021 0.005 0.006 0.006 0.006
 275 24 2018 0.027 0.029 0.029 0.033 0.035 0.014 0.017 0.018 0.019 0.019 0.020 0.020 0.021 0.005 0.006 0.006 0.006
 276 24 2018 0.026 0.030 0.029 0.033 0.035 0.014 0.017 0.018 0.019 0.019 0.020 0.020 0.021 0.005 0.006 0.006 0.006
 277 24 2018 0.052 0.032 0.028 0.033 0.034 0.014 0.017 0.018 0.019 0.019 0.020 0.020 0.021 0.005 0.006 0.006 0.006
 278 24 2018 0.049 0.039 0.029 0.032 0.034 0.014 0.017 0.018 0.019 0.019 0.020 0.020 0.021 0.005 0.006 0.006 0.006
 279 24 2018 0.058 0.043 0.030 0.032 0.034 0.013 0.017 0.018 0.019 0.019 0.020 0.020 0.020 0.005 0.005 0.006 0.006
 280 24 2018 0.060 0.054 0.033 0.033 0.034 0.013 0.016 0.018 0.018 0.019 0.019 0.020 0.020 0.005 0.005 0.006 0.006
 281 24 2018 0.056 0.054 0.036 0.034 0.034 0.013 0.016 0.018 0.018 0.019 0.019 0.020 0.020 0.005 0.005 0.006 0.006
 282 24 2018 0.049 0.052 0.037 0.035 0.034 0.013 0.016 0.018 0.018 0.019 0.019 0.020 0.020 0.005 0.005 0.006 0.006
 283 24 2018 0.047 0.050 0.037 0.036 0.035 0.013 0.016 0.018 0.018 0.019 0.019 0.020 0.020 0.005 0.005 0.006 0.006
 284 24 2018 0.068 0.059 0.040 0.037 0.035 0.013 0.016 0.018 0.018 0.019 0.019 0.020 0.020 0.005 0.005 0.006 0.006
 285 24 2018 0.078 0.076 0.056 0.054 0.050 0.015 0.016 0.018 0.018 0.019 0.019 0.020 0.020 0.005 0.005 0.006 0.006
 286 24 2018 0.075 0.074 0.056 0.056 0.055 0.019 0.017 0.018 0.018 0.019 0.019 0.020 0.020 0.005 0.005 0.006 0.006
 287 24 2018 0.077 0.077 0.058 0.057 0.057 0.021 0.018 0.018 0.018 0.019 0.019 0.020 0.020 0.005 0.005 0.006 0.006
 288 24 2018 0.083 0.082 0.061 0.061 0.061 0.022 0.020 0.018 0.018 0.019 0.019 0.020 0.020 0.005 0.005 0.006 0.006
 289 24 2018 0.080 0.084 0.062 0.062 0.062 0.022 0.021 0.019 0.019 0.019 0.019 0.020 0.020 0.005 0.005 0.006 0.006
 290 24 2018 0.072 0.084 0.062 0.062 0.062 0.023 0.022 0.020 0.019 0.019 0.019 0.020 0.020 0.005 0.005 0.006 0.006
 291 24 2018 0.078 0.087 0.065 0.065 0.065 0.024 0.022 0.021 0.020 0.019 0.019 0.020 0.020 0.005 0.005 0.006 0.006
 292 24 2018 0.086 0.094 0.069 0.069 0.069 0.025 0.024 0.022 0.021 0.020 0.019 0.020 0.020 0.005 0.005 0.006 0.006
 293 24 2018 0.091 0.102 0.075 0.075 0.075 0.028 0.026 0.024 0.022 0.021 0.020 0.020 0.020 0.005 0.005 0.006 0.006
 294 24 2018 0.077 0.096 0.072 0.073 0.073 0.027 0.027 0.026 0.025 0.023 0.021 0.020 0.020 0.005 0.005 0.005 0.005
 295 24 2018 0.084 0.095 0.072 0.072 0.072 0.027 0.026 0.026 0.025 0.024 0.023 0.020 0.020 0.005 0.005 0.005 0.005
 296 24 2018 0.092 0.092 0.069 0.070 0.070 0.026 0.026 0.025 0.025 0.024 0.023 0.021 0.020 0.005 0.005 0.005 0.005
 297 24 2018 0.081 0.083 0.063 0.064 0.064 0.024 0.024 0.025 0.024 0.024 0.023 0.022 0.020 0.005 0.005 0.005 0.005
 298 24 2018 0.071 0.073 0.056 0.057 0.057 0.021 0.023 0.023 0.024 0.024 0.023 0.022 0.021 0.005 0.005 0.005 0.005
 299 24 2018 0.057 0.064 0.050 0.052 0.053 0.020 0.022 0.023 0.023 0.023 0.023 0.022 0.021 0.005 0.005 0.005 0.005
 300 24 2018 0.046 0.056 0.044 0.048 0.049 0.019 0.021 0.022 0.022 0.023 0.023 0.022 0.021 0.005 0.005 0.005 0.005
 301 24 2018 0.032 0.052 0.040 0.045 0.046 0.018 0.021 0.022 0.022 0.022 0.022 0.022 0.022 0.005 0.005 0.005 0.005
 302 24 2018 0.026 0.049 0.038 0.043 0.044 0.017 0.020 0.021 0.022 0.022 0.022 0.022 0.022 0.005 0.005 0.005 0.005
 303 24 2018 0.047 0.049 0.039 0.042 0.043 0.017 0.020 0.021 0.021 0.022 0.022 0.022 0.022 0.005 0.005 0.005 0.005
 304 24 2018 0.051 0.051 0.040 0.041 0.042 0.016 0.019 0.021 0.021 0.022 0.022 0.022 0.022 0.005 0.005 0.005 0.005
 305 24 2018 0.056 0.052 0.039 0.041 0.042 0.016 0.019 0.020 0.021 0.021 0.022 0.022 0.022 0.005 0.005 0.005 0.005
 306 24 2018 0.113 0.092 0.066 0.063 0.061 0.022 0.021 0.020 0.021 0.021 0.021 0.022 0.022 0.005 0.005 0.005 0.005
 307 24 2018 0.127 0.123 0.092 0.092 0.092 0.035 0.033 0.031 0.028 0.025 0.023 0.022 0.022 0.005 0.005 0.005 0.005
 308 24 2018 0.126 0.127 0.095 0.095 0.096 0.036 0.036 0.035 0.034 0.033 0.032 0.028 0.024 0.005 0.005 0.005 0.005
 309 24 2018 0.128 0.127 0.095 0.095 0.096 0.036 0.036 0.035 0.035 0.034 0.034 0.032 0.031 0.007 0.005 0.005 0.005
 310 24 2018 0.084 0.123 0.092 0.092 0.093 0.035 0.035 0.035 0.035 0.035 0.035 0.034 0.034 0.008 0.006 0.005 0.005
 311 24 2018 0.054 0.085 0.084 0.084 0.084 0.032 0.032 0.033 0.033 0.034 0.034 0.034 0.034 0.009 0.008 0.006 0.006
 312 24 2018 0.051 0.058 0.072 0.076 0.077 0.029 0.030 0.031 0.031 0.032 0.032 0.033 0.033 0.008 0.008 0.006 0.006
 313 24 2018 0.049 0.052 0.044 0.066 0.067 0.026 0.028 0.029 0.030 0.030 0.031 0.031 0.032 0.008 0.008 0.006 0.006
 314 24 2018 0.049 0.051 0.041 0.048 0.054 0.022 0.026 0.027 0.028 0.029 0.030 0.030 0.031 0.008 0.007 0.006 0.006
 315 24 2018 0.049 0.050 0.039 0.042 0.048 0.020 0.025 0.026 0.027 0.028 0.029 0.029 0.030 0.007 0.007 0.007 0.007
 316 24 2018 0.051 0.053 0.041 0.043 0.047 0.019 0.024 0.025 0.026 0.027 0.028 0.028 0.029 0.007 0.007 0.007 0.007
 317 24 2018 0.052 0.053 0.041 0.043 0.046 0.019 0.023 0.025 0.026 0.027 0.027 0.028 0.028 0.007 0.007 0.007 0.007
 318 24 2018 0.052 0.053 0.041 0.043 0.046 0.019 0.023 0.024 0.025 0.026 0.027 0.027 0.028 0.007 0.007 0.007 0.007
 319 24 2018 0.051 0.053 0.041 0.043 0.046 0.018 0.022 0.024 0.025 0.026 0.026 0.027 0.027 0.007 0.007 0.007 0.007
 320 24 2018 0.047 0.049 0.038 0.040 0.043 0.017 0.021 0.023 0.024 0.025 0.026 0.026 0.027 0.007 0.007 0.007 0.007
 321 24 2018 0.047 0.049 0.038 0.039 0.041 0.016 0.018 0.022 0.024 0.025 0.025 0.026 0.026 0.007 0.007 0.007 0.007
 322 24 2018 0.047 0.049 0.037 0.038 0.040 0.015 0.017 0.021 0.023 0.024 0.025 0.026 0.026 0.007 0.007 0.007 0.007
 323 24 2018 0.046 0.047 0.037 0.038 0.039 0.015 0.016 0.019 0.022 0.024 0.024 0.025 0.026 0.006 0.007 0.007 0.007
 324 24 2018 0.045 0.048 0.036 0.037 0.039 0.014 0.016 0.017 0.021 0.023 0.024 0.025 0.025 0.006 0.007 0.007 0.007
 325 24 2018 0.047 0.048 0.037 0.037 0.038 0.014 0.015 0.017 0.019 0.022 0.023 0.025 0.025 0.006 0.007 0.007 0.007
 326 24 2018 0.049 0.050 0.038 0.038 0.039 0.014 0.015 0.016 0.018 0.022 0.023 0.024 0.025 0.006 0.007 0.007 0.007
 327 24 2018 0.070 0.059 0.042 0.041 0.041 0.015 0.016 0.017 0.018 0.021 0.023 0.024 0.024 0.006 0.007 0.007 0.007
 328 24 2018 0.095 0.072 0.050 0.048 0.049 0.017 0.017 0.018 0.019 0.021 0.022 0.024 0.024 0.006 0.006 0.007 0.007
 329 24 2018 0.060 0.065 0.051 0.052 0.054 0.020 0.020 0.020 0.022 0.022 0.022 0.023 0.024 0.006 0.006 0.007 0.007
 330 24 2018 0.048 0.051 0.041 0.045 0.048 0.018 0.020 0.022 0.023 0.023 0.023 0.023 0.024 0.006 0.006 0.007 0.007
 331 24 2018 0.047 0.048 0.037 0.039 0.041 0.016 0.018 0.020 0.022 0.023 0.023 0.023 0.024 0.006 0.006 0.007 0.007
 332 24 2018 0.049 0.049 0.037 0.038 0.039 0.015 0.016 0.018 0.020 0.022 0.023 0.023 0.024 0.006 0.006 0.007 0.007
 333 24 2018 0.051 0.052 0.039 0.040 0.040 0.015 0.016 0.017 0.019 0.021 0.022 0.023 0.023 0.006 0.006 0.007 0.007
 334 24 2018 0.048 0.049 0.037 0.039 0.040 0.015 0.016 0.017 0.018 0.021 0.022 0.023 0.023 0.006 0.006 0.006 0.006
 335 24 2018 0.047 0.048 0.037 0.038 0.039 0.014 0.015 0.016 0.017 0.020 0.021 0.023 0.023 0.006 0.006 0.006 0.006
 336 24 2018 0.045 0.046 0.035 0.037 0.038 0.014 0.015 0.015 0.017 0.019 0.021 0.022 0.023 0.006 0.006 0.006 0.006
 337 24 2018 0.044 0.045 0.034 0.035 0.036 0.013 0.014 0.015 0.016 0.017 0.020 0.022 0.023 0.006 0.006 0.006 0.006
 338 24 2018 0.043 0.044 0.034 0.034 0.035 0.013 0.013 0.014 0.015 0.016 0.018 0.022 0.023 0.006 0.006 0.006 0.006
 339 24 2018 0.043 0.043 0.033 0.033 0.034 0.012 0.013 0.013 0.014 0.015 0.017 0.021 0.022 0.006 0.006 0.006 0.006
 340 24 2018 0.047 0.046 0.035 0.035 0.035 0.012 0.013 0.013 0.014 0.015 0.016 0.020 0.022 0.006 0.006 0.006 0.006
 341 24 2018 0.046 0.047 0.035 0.036 0.036 0.013 0.013 0.013 0.014 0.015 0.015 0.019 0.022 0.006 0.006 0.006 0.006
 342 24 2018 0.046 0.046 0.035 0.036 0.036 0.013 0.013 0.014 0.014 0.015 0.015 0.018 0.021 0.006 0.006 0.006 0.006
 343 24 2018 0.045 0.046 0.035 0.035 0.036 0.013 0.013 0.014 0.014 0.015 0.015 0.018 0.021 0.005 0.006 0.006 0.006
 344 24 2018 0.045 0.046 0.035 0.035 0.035 0.013 0.013 0.013 0.014 0.014 0.015 0.017 0.020 0.005 0.006 0.006 0.006
 345 24 2018 0.044 0.045 0.034 0.035 0.036 0.013 0.013 0.013 0.014 0.014 0.015 0.017 0.020 0.005 0.006 0.006 0.006
 346 24 2018 0.045 0.045 0.034 0.035 0.035 0.012 0.013 0.013 0.014 0.014 0.015 0.017 0.020 0.005 0.006 0.006 0.006
 347 24 2018 0.043 0.044 0.033 0.034 0.035 0.012 0.013 0.013 0.013 0.014 0.015 0.016 0.020 0.005 0.006 0.006 0.006
 348 24 2018 0.045 0.045 0.034 0.034 0.035 0.012 0.013 0.013 0.013 0.014 0.014 0.016 0.019 0.005 0.006 0.006 0.006
 349 24 2018 0.047 0.047 0.035 0.035 0.035 0.012 0.013 0.013 0.013 0.014 0.014 0.016 0.018 0.005 0.006 0.006 0.006
 350 24 2018 0.048 0.048 0.036 0.036 0.036 0.013 0.013 0.013 0.013 0.014 0.014 0.015 0.018 0.005 0.006 0.006 0.006
 351 24 2018 0.048 0.047 0.036 0.036 0.036 0.013 0.013 0.013 0.014 0.014 0.014 0.015 0.017 0.005 0.006 0.006 0.006
 352 24 2018 0.048 0.048 0.036 0.036 0.037 0.013 0.013 0.013 0.014 0.014 0.014 0.015 0.017 0.005 0.006 0.006 0.006
 353 24 2018 0.046 0.047 0.035 0.036 0.036 0.013 0.013 0.013 0.014 0.014 0.014 0.015 0.017 0.005 0.006 0.006 0.006
 354 24 2018 0.045 0.045 0.035 0.035 0.036 0.013 0.013 0.013 0.014 0.014 0.014 0.015 0.017 0.005 0.006 0.006 0.006
 355 24 2018 0.046 0.046 0.035 0.035 0.036 0.013 0.013 0.013 0.013 0.014 0.014 0.015 0.017 0.005 0.006 0.006 0.006
 356 24 2018 0.045 0.045 0.035 0.035 0.036 0.013 0.013 0.013 0.013 0.014 0.014 0.015 0.017 0.005 0.006 0.006 0.006
 357 24 2018 0.044 0.044 0.034 0.034 0.035 0.012 0.013 0.013 0.013 0.014 0.014 0.015 0.017 0.005 0.006 0.006 0.006
 358 24 2018 0.044 0.044 0.034 0.034 0.034 0.012 0.013 0.013 0.013 0.013 0.014 0.015 0.016 0.005 0.006 0.006 0.006
 359 24 2018 0.043 0.044 0.033 0.034 0.034 0.012 0.012 0.013 0.013 0.013 0.014 0.015 0.016 0.004 0.006 0.006 0.006
 360 24 2018 0.043 0.043 0.033 0.033 0.034 0.012 0.012 0.013 0.013 0.013 0.014 0.014 0.016 0.004 0.006 0.006 0.006
 361 24 2018 0.042 0.043 0.032 0.033 0.033 0.012 0.012 0.012 0.013 0.013 0.013 0.014 0.016 0.004 0.006 0.006 0.006
 362 24 2018 0.041 0.041 0.032 0.032 0.033 0.012 0.012 0.012 0.012 0.013 0.013 0.014 0.015 0.004 0.005 0.006 0.006
 363 24 2018 0.041 0.041 0.031 0.032 0.032 0.011 0.012 0.012 0.012 0.013 0.013 0.014 0.015 0.004 0.005 0.006 0.006
 364 24 2018 0.042 0.042 0.032 0.032 0.032 0.011 0.012 0.012 0.012 0.012 0.013 0.014 0.015 0.004 0.005 0.006 0.006
