
                                       SUMMARY OF WATER BALANCE

                                                              CHANGE IN STORAGE
                               PRECIP          PLANT   ------------------------------  DEEP                     CUM.
 DAY HR  YR   PRECIP  SNOWMELT INTRCP    ET    TRANSP  CANOPY   SNOW  RESIDUE   SOIL   PERC   RUNOFF   PONDED    ET    ERROR
                 MM      MM      MM      MM      MM      MM      MM      MM      MM      MM      MM      MM      MM      MM
   1 24 2018    0.00    0.00    0.00    1.25    0.89    0.00    0.00    0.00  -11.62   10.23    0.00    0.00     1.2    0.14
   2 24 2018    0.00    0.00    0.00    1.37    1.17   -0.01    0.00    0.00   -2.22    0.74    0.00    0.00     2.6    0.12
   3 24 2018    0.00    0.00    0.00    0.86    0.72    0.00    0.00    0.00   -1.11    0.24    0.00    0.00     3.5    0.01
   4 24 2018    0.00    0.00    0.00    0.63    0.49    0.00    0.00    0.00   -0.73    0.09    0.00    0.00     4.1    0.00
   5 24 2018    0.04    0.02    0.02    0.77    0.60    0.00    0.00    0.00   -0.81    0.07    0.00    0.02     4.9   -0.03
   6 24 2018    1.04    2.55    0.06    1.12    0.46    0.01    0.00    0.00   -0.60    0.06    0.00    0.20     6.0    0.22
   7 24 2018    1.92    2.57    0.00    1.20    0.09   -0.01    1.22    0.00   -0.64    0.04    0.00    0.00     7.2    0.36
   8 24 2018    0.00    0.66    0.00    0.80    0.76    0.00   -0.66    0.00   -0.15    0.03    0.00    0.00     8.0   -0.02
   9 24 2018    0.13    0.40    0.06    1.36    1.20    0.00   -0.56    0.00   -0.74    0.01    0.00    0.00     9.4   -0.02
  10 24 2018    2.96    2.20    0.21    1.74    0.37    0.00    1.41    0.00   -0.38    0.01    0.00    0.00    11.1    0.04
  11 24 2018    2.08    0.00    0.08    1.28    0.00    0.00    1.19    0.00   -0.27    0.01    0.00    0.00    12.4    0.00
  12 24 2018    3.88    0.00    0.02    2.04    0.00    0.00    2.00    0.00   -0.20    0.00    0.00    0.00    14.4    0.10
  13 24 2018    0.96    0.00    0.00    0.55    0.00    0.00    0.56    0.00   -0.22    0.00    0.00    0.00    15.0    0.09
  14 24 2018    0.04    0.00    0.02    0.17    0.05   -0.01    0.06    0.00   -0.10    0.00    0.00    0.00    15.1   -0.10
  15 24 2018    0.96    0.00    0.00    0.53    0.00    0.00    0.57    0.00   -0.13    0.00    0.00    0.00    15.7    0.01
  16 24 2018    0.00    0.00    0.00    0.03    0.01   -0.01    0.02    0.00   -0.72    0.00    0.00    0.00    15.7    0.68
  17 24 2018    0.00    0.00    0.00    0.02    0.02    0.01   -0.03    0.00   -0.13    0.00    0.00    0.00    15.7    0.13
  18 24 2018    0.00    0.70    0.00    0.64    0.61    0.00   -0.79    0.00    0.17    0.00    0.00    0.00    16.3   -0.01
  19 24 2018    0.00    0.81    0.00    0.90    0.89    0.00   -0.82    0.00   -0.08    0.00    0.00    0.00    17.2    0.00
  20 24 2018    0.58    0.44    0.30    0.46    0.45    0.01   -0.10    0.00   -0.07    0.00    0.00    0.00    17.7    0.00
  21 24 2018   13.42    0.00    4.51    1.03    0.00    0.00    8.28    0.00   -0.11    0.00    0.00    0.00    18.7    0.00
  22 24 2018    0.04    0.00    0.02    4.53    0.00    0.00    0.06    0.00   -0.05    0.00    0.00    0.00    23.3    0.00
  23 24 2018    0.96    0.00    0.00    0.56    0.00   -0.01    0.50    0.00   -0.06    0.00    0.00    0.00    23.8   -0.02
  24 24 2018    0.00    0.00    0.00    0.03    0.03    0.00    0.00    0.00   -0.05    0.00    0.00    0.00    23.9    0.02
  25 24 2018    0.08    0.00    0.04    0.10    0.07    0.01   -0.01    0.00   -0.05    0.00    0.00    0.00    24.0    0.00
  26 24 2018    1.92    0.00    0.00    1.04    0.00   -0.01    1.00    0.00   -0.18    0.00    0.00    0.00    25.0    0.11
  27 24 2018    0.00    0.00    0.00    0.04    0.00    0.00    0.04    0.00   -0.06    0.00    0.00    0.00    25.0   -0.02
  28 24 2018    0.00    0.00    0.00   -0.09    0.00    0.01    0.01    0.00   -0.03    0.00    0.00    0.00    24.9    0.11
  29 24 2018    0.00    0.00    0.00    0.06    0.04   -0.01   -0.02    0.00   -0.02    0.00    0.00    0.00    25.0   -0.01
  30 24 2018    0.08    0.00    0.04    0.14    0.11    0.00   -0.06    0.00   -0.03    0.00    0.00    0.00    25.1   -0.01
  31 24 2018    2.33    0.00    0.21    1.12    0.04    0.01    1.06    0.00   -0.12    0.00    0.00    0.00    26.3    0.10
  32 24 2018    9.58    0.00    1.01    4.07    0.00    0.00    4.75    0.00   -0.03    0.00    0.00    0.00    30.3   -0.01
  33 24 2018    0.13    0.00    0.06    1.09    0.04    0.00    0.04    0.00   -0.12    0.00    0.00    0.00    31.4    0.08
  34 24 2018    3.04    0.00    0.08    1.57    0.02    0.00    1.48    0.00   -0.13    0.00    0.00    0.00    33.0    0.11
  35 24 2018    4.25    0.00    0.21    2.02    0.01    0.01    2.09    0.00   -0.22    0.00    0.00    0.00    35.0    0.23
  36 24 2018    9.58    0.00    2.18    2.89    0.00   -0.01    4.76    0.00   -0.01    0.00    0.00    0.00    37.9   -0.02
  37 24 2018    0.00    0.00    0.00    2.24    0.01   -0.01   -0.01    0.00   -0.06    0.00    0.00    0.00    40.1    0.03
  38 24 2018    0.00    0.00    0.00    0.01    0.02    0.01    0.00    0.00   -0.04    0.00    0.00    0.00    40.1    0.03
  39 24 2018    0.29    0.00    0.15    0.12    0.07    0.00    0.11    0.00   -0.05    0.00    0.00    0.00    40.3   -0.03
  40 24 2018    7.25    0.00    1.14    2.68    0.02    0.00    3.55    0.00   -0.04    0.00    0.00    0.00    42.9    0.06
  41 24 2018   12.50    0.00    4.46    1.20    0.00    0.00    8.03    0.00   -0.03    0.00    0.00    0.00    44.1   -0.01
  42 24 2018    1.04    0.00    1.25    3.72    0.00    0.00    0.57    0.00   -0.03    0.00    0.00    0.00    47.9    0.00
  43 24 2018    1.92    0.00    1.16    1.04    0.00    0.01    0.99    0.00   -0.02    0.00    0.00    0.00    48.9    0.00
  44 24 2018    0.00    0.00    0.00    1.24    0.03    0.00   -0.01    0.00   -0.07    0.00    0.00    0.00    50.1    0.00
  45 24 2018    0.00    0.00    0.00    0.07    0.09    0.00   -0.04    0.00   -0.09    0.00    0.00    0.00    50.2    0.06
  46 24 2018    0.00    0.00    0.00    0.11    0.03    0.00   -0.04    0.00   -0.05    0.00    0.00    0.00    50.3   -0.02
  47 24 2018    0.00    0.00    0.00    0.09    0.04   -0.01   -0.02    0.00   -0.07    0.00    0.00    0.00    50.4    0.01
  48 24 2018    0.00    0.00    0.00    0.08    0.03    0.00   -0.05    0.00   -0.04    0.00    0.00    0.00    50.5    0.02
  49 24 2018    0.00    0.00    0.00    0.20    0.17    0.01   -0.09    0.00   -0.11    0.00    0.00    0.00    50.7    0.00
  50 24 2018    0.00    0.00    0.00    0.15    0.06   -0.01   -0.02    0.00   -0.08    0.00    0.00    0.00    50.8   -0.03
  51 24 2018    0.00    0.00    0.00    0.07    0.00    0.00    0.01    0.00   -0.06    0.00    0.00    0.00    50.9   -0.01
  52 24 2018    0.00    0.00    0.00    0.05    0.00    0.00    0.00    0.00   -0.04    0.00    0.00    0.00    51.0   -0.01
  53 24 2018    0.25    0.00    0.13    0.06    0.00    0.00    0.09    0.00   -0.03    0.00    0.00    0.00    51.0    0.01
  54 24 2018    5.79    0.00    1.18    1.87    0.00    0.00    2.90    0.00   -0.17    0.00    0.00    0.00    52.9    0.15
  55 24 2018    1.00    0.00    0.02    1.68    0.00    0.00    0.50    0.00   -0.03    0.00    0.00    0.00    54.6    0.01
  56 24 2018    0.96    0.00    0.00    0.56    0.00    0.00    0.45    0.00   -0.03    0.00    0.00    0.00    55.1    0.00
  57 24 2018    0.00    0.00    0.00    0.07    0.01    0.00   -0.04    0.00   -0.10    0.00    0.00    0.00    55.2    0.08
  58 24 2018    0.04    0.00    0.02    0.03    0.01    0.00    0.00    0.00    0.00    0.00    0.00    0.00    55.2    0.00
  59 24 2018    0.96    0.00    0.09    0.43    0.00    0.01    0.47    0.00   -0.37    0.00    0.00    0.00    55.7    0.36
  60 24 2018    0.00    0.00    0.00    0.13    0.03    0.00   -0.04    0.00    0.00    0.00    0.00    0.00    55.8    0.01
  61 24 2018    0.00    0.16    0.00    0.23    0.12    0.00   -0.26    0.00    0.12    0.00    0.00    0.00    56.0   -0.07
  62 24 2018    0.00    2.39    0.00    0.96    0.91    0.00   -2.44    0.00    1.52    0.00    0.00    0.00    57.0   -0.03
  63 24 2018    0.00    2.77    0.00    1.48    1.32    0.00   -2.89    0.00    1.44    0.00    0.00    0.00    58.4   -0.03
  64 24 2018    0.08    0.00    0.04    0.17    0.00    0.00   -0.06    0.00   -0.06    0.00    0.00    0.00    58.6   -0.02
  65 24 2018    1.92    0.00    0.00    1.19    0.00    0.00    0.81    0.00   -0.47    0.00    0.00    0.00    59.8    0.43
  66 24 2018    0.00    0.00    0.00    0.10    0.05    0.00   -0.04    0.00   -0.04    0.00    0.00    0.00    59.9   -0.01
  67 24 2018    0.17    0.34    0.08    0.71    0.68    0.01   -0.34    0.00   -0.29    0.00    0.00    0.00    60.6    0.00
  68 24 2018    3.88    0.29    0.26    1.85    0.02    0.01    1.55    0.00    0.17    0.00    0.00    0.00    62.4    0.14
  69 24 2018    0.96    0.00    0.00    0.77    0.01   -0.01    0.47    0.00   -0.26    0.00    0.00    0.00    63.2    0.25
  70 24 2018    0.00    0.10    0.00    0.31    0.27    0.00   -0.16    0.00   -0.13    0.00    0.00    0.00    63.5   -0.01
  71 24 2018    0.00    0.03    0.00    0.18    0.14    0.00   -0.10    0.00   -0.07    0.00    0.00    0.00    63.7   -0.01
  72 24 2018    0.00    1.28    0.00    0.63    0.58    0.00   -1.32    0.00    0.72    0.00    0.00    0.00    64.3   -0.04
  73 24 2018    0.08    7.49    0.04    1.55    1.53    0.00   -7.46    0.00    5.95    0.00    0.00    0.00    65.9    0.00
  74 24 2018    1.92    0.92    0.00    2.22    1.14    0.00   -0.04    0.00   -0.22    0.00    0.00    0.00    68.1    0.01
  75 24 2018    0.00    0.60    0.00    1.82    1.37   -0.01   -0.96    0.00   -0.78    0.00    0.00    0.00    69.9   -0.07
  76 24 2018    0.21    8.15    0.11    2.08    1.99    0.00   -8.09    0.00    2.04    0.00    0.00    4.09    72.0   -0.02
  77 24 2018    4.79    0.05    0.55    2.42    0.43    0.00    2.27    0.00   -0.08    0.00    0.00    3.79    74.4    0.04
  78 24 2018    0.04    0.02    0.02    1.07    0.40    0.00   -0.09    0.00   -0.10    0.00    0.00    3.51    75.5   -0.02
  79 24 2018    0.96    0.00    0.00    0.65    0.01    0.00    0.36    0.00   -0.01    0.00    0.00    3.50    76.2   -0.02
  80 24 2018    0.04    0.76    0.02    1.70    1.65    0.01   -0.77    0.00    0.07    0.00    0.00    2.56    77.9   -0.04
  81 24 2018    1.21    3.78    0.13    3.32    2.80    0.01   -3.22    0.00    0.16    0.00    0.00    3.31    81.2    0.09
  82 24 2018    5.75    5.67    0.18    4.34    1.35    0.00   -2.93    0.00    0.19    0.00    0.00    7.41    85.5    0.02
  83 24 2018    0.04    7.53    0.02    2.69    2.42   -0.01   -7.50    0.00    0.06    0.00    0.00   12.42    88.2   -0.05
  84 24 2018    1.38    4.79    0.34    2.82    2.37    0.01   -4.13    0.00    0.04    0.00    0.00   14.62    91.0    0.12
  85 24 2018    9.67    3.91    2.01    3.67    0.38   -0.01    0.90    0.00   -0.16    0.00    0.00   18.23    94.7   -0.01
  86 24 2018    2.21    0.00    0.15    3.05    0.00   -0.01    1.15    0.00   -0.07    0.00    0.00   18.21    97.7   -0.02
  87 24 2018    6.79    0.00    1.12    2.54    0.05    0.01    3.37    0.00   -0.31    0.00    0.00   18.20   100.3    0.23
  88 24 2018    1.92    0.00    0.00    2.12    0.01    0.00    1.00    0.00   -0.06    0.00    0.00   18.19   102.4   -0.01
  89 24 2018    0.00    0.88    0.00    1.28    1.24    0.00   -0.95    0.00   -0.15    0.00    0.00   18.03   103.7   -0.02
  90 24 2018    0.29    2.67    0.15    2.06    2.03    0.00   -2.57    0.00    0.17    0.00    0.00   18.54   105.7   -0.03
  91 24 2018    6.83    5.29    0.06    6.51    2.85   -0.01   -2.02    0.00    0.24    0.00    1.16   19.57   112.3    0.00
  92 24 2018    2.88    9.38    0.00    6.17    4.55    0.00   -7.91    0.00    0.16    0.00    4.26   19.65   118.4    0.18
  93 24 2018    0.00    0.52    0.00    2.78    2.01   -0.01   -0.99    0.00   -1.21    0.00    0.00   19.12   121.2   -0.04
  94 24 2018    0.00    0.00    0.00    4.68    3.71    0.01    0.00    0.00    1.28    0.00    0.00   13.16   125.9   -0.01
  95 24 2018    0.67    0.00    0.34    2.67    2.45    0.01    0.75    0.00    3.85    0.00    0.00    6.21   128.6   -0.01
  96 24 2018   15.58    0.00    4.69    0.54    0.00    0.00   10.92    0.00    0.52    0.00    0.00    5.47   129.1    0.00
  97 24 2018    6.21    1.65    3.91    2.72    0.00    0.01    2.55    0.00    0.34    0.00    0.00    6.84   131.8    0.01
  98 24 2018   10.67    2.20    3.36    5.12    0.00   -0.02    3.94    0.00    0.01    0.00    0.00    9.01   136.9    0.00
  99 24 2018    2.88    2.90    0.00    5.51    0.71    0.00   -1.43    0.00   -0.24    0.00    0.00   11.39   142.4    0.01
 100 24 2018    0.00    4.81    0.00    3.80    3.74    0.00   -4.84    0.00   -0.36    0.00    0.00   12.83   146.2   -0.04
 101 24 2018    0.04    8.34    0.02    5.93    5.85    0.00   -8.36    0.00    0.75    0.00    0.00   14.60   152.2   -0.06
 102 24 2018    0.96    4.23    0.00    6.88    6.11    0.01   -3.53    0.00    0.76    0.01    0.00   11.48   159.1   -0.03
 103 24 2018    0.04    0.12    0.02    1.18    0.26   -0.01    0.00    0.00   -0.65    0.01    0.00   11.01   160.2   -0.04
 104 24 2018    1.00    3.18    0.04    3.45    2.29    0.01    0.00    0.00    0.30    0.01    0.00    8.21   163.7    0.01
 105 24 2018    0.96    2.26    0.02    5.10    4.04    0.00    0.00    0.00    0.45    0.00    0.00    3.66   168.8   -0.03
 106 24 2018    0.13    0.00    0.06    4.28    3.80   -0.01    0.00    0.00   -0.43    0.00    0.00    0.13   173.1   -0.23
 107 24 2018    2.88    2.24    0.00    4.62    2.35    0.00    0.56    0.00   -2.07    0.00    0.00    0.00   177.7   -0.04
 108 24 2018    0.00    0.48    0.00    3.83    3.38    0.00   -0.56    0.00   -3.25    0.00    0.00    0.00   181.5   -0.03
 109 24 2018    0.25    0.12    0.13    3.83    3.36    0.01    0.00    0.00   -3.75    0.00    0.00    0.12   185.4   -0.10
 110 24 2018    5.96    4.59    1.70    1.50    0.00    0.00    0.50    0.00    2.49    0.00    0.00    0.00   186.9    0.01
 111 24 2018    4.79    0.40    1.38    2.78    0.00    0.01    2.29    0.00    0.03    0.00    0.00    0.00   189.6    0.01
 112 24 2018    0.04    2.21    0.02    3.93    2.48    0.00   -2.80    0.00    0.48    0.00    0.00    0.02   193.6   -0.24
 113 24 2018    1.50    0.86    0.36    6.02    4.95    0.00    0.00    0.00   -5.00    0.00    0.00    0.20   199.6   -0.04
 114 24 2018   12.46    0.62    4.69    0.41    0.00   -0.01    7.97    0.00   -0.06    0.00    0.00    0.00   200.0    0.02
 115 24 2018    0.00    4.71    0.00    5.64    0.95    0.00   -4.59    0.00    3.63    0.00    0.00    0.00   205.6    0.01
 116 24 2018    0.00    2.73    0.00    2.61    2.56    0.00   -3.38    0.00    0.67    0.00    0.00    0.00   208.2    0.10
 117 24 2018    0.00    0.00    0.00    4.81    4.31    0.01    0.00    0.00   -4.78    0.00    0.00    0.00   213.0   -0.03
 118 24 2018    0.00    0.00    0.00    4.46    3.91    0.01    0.00    0.00   -4.45    0.00    0.00    0.00   217.5   -0.02
 119 24 2018    0.00    0.00    0.00    5.25    4.55   -0.01    0.00    0.00   -5.23    0.00    0.00    0.00   222.7   -0.01
 120 24 2018    0.08    0.04    0.04    4.55    3.79    0.01    0.00    0.00   -4.53    0.00    0.00    0.00   227.3    0.01
 121 24 2018    2.75    1.07    0.68    2.11    1.07    0.00    0.00    0.00   -0.31    0.00    0.00    0.33   229.4   -0.01
 122 24 2018   20.21    1.30    4.70    0.18    0.00    0.00   15.15    0.00    1.19    0.00    0.00    0.00   229.6    0.00
 123 24 2018   23.96    4.94    4.61    0.34    0.00    0.00   18.80    0.00    4.91    0.00    0.00    0.00   229.9    0.00
 124 24 2018    0.00    4.12    0.00    4.83    0.21    0.00   -4.10    0.00    3.89    0.00    0.00    0.00   234.7   -0.01
 125 24 2018    0.00   10.19    0.00    4.95    4.92    0.00  -10.17    0.00    5.24    0.00    0.00    0.00   239.7   -0.03
 126 24 2018    0.00    9.96    0.00    3.52    3.51    0.00   -9.91    0.00    6.42    0.00    0.00    0.00   243.2   -0.04
 127 24 2018    0.00    9.88    0.00    4.61    4.56    0.00   -9.77    0.00    4.79    0.20    0.00    0.00   247.8    0.18
 128 24 2018    0.00    0.00    0.00    6.06    5.37    0.00    0.00    0.00   -6.12    0.12    0.00    0.00   253.9   -0.06
 129 24 2018    0.00    0.00    0.00    5.90    5.09    0.00    0.00    0.00   -5.93    0.09    0.00    0.00   259.8   -0.06
 130 24 2018    0.04    0.00    0.02    6.19    5.35    0.01    0.00    0.00   -6.27    0.08    0.00    0.00   266.0    0.01
 131 24 2018    1.04    0.04    0.16    3.55    2.84    0.00    0.00    0.00   -2.72    0.07    0.00    0.00   269.5    0.01
 132 24 2018    2.38    0.04    0.58    2.23    0.98    0.00    0.00    0.00   -0.30    0.07    0.00    0.00   271.7   -0.04
 133 24 2018   10.58    1.14    3.80    2.38    0.00   -0.01    0.00    0.00    4.88    0.11    0.00    0.00   274.1    0.00
 134 24 2018    0.96    0.10    2.35    2.12    0.00    0.00    0.00    0.00   -0.07    0.35    0.00    0.00   276.2    0.01
 135 24 2018    0.00    0.00    0.00    3.85    1.10    0.00    0.00    0.00   -1.77    0.32    0.00    0.00   280.1   -0.04
 136 24 2018    0.00    0.00    0.00    5.92    5.02    0.00    0.00    0.00   -6.01    0.16    0.00    0.00   286.0   -0.07
 137 24 2018    0.04    0.00    0.02    6.28    5.19   -0.01    0.00    0.00   -6.23    0.04    0.00    0.00   292.3   -0.06
 138 24 2018    1.63    0.43    0.36    2.65    1.85    0.02    0.00    0.00   -1.41    0.02    0.00    0.00   294.9    0.02
 139 24 2018   15.42    2.62    4.74    0.82    0.00    0.00    4.15    0.00    6.07    0.01    0.00    0.00   295.8    0.00
 140 24 2018    1.92    3.30    3.16    2.27    0.00    0.00   -4.15    0.00    5.36    0.01    0.00    0.00   298.0    0.00
 141 24 2018    0.04    0.02    0.02    5.93    2.11    0.00    0.00    0.00   -2.74    0.05    0.00    0.00   304.0   -0.06
 142 24 2018    0.96    0.10    0.00    5.16    4.02    0.01    0.00    0.00   -4.24    0.04    0.00    0.00   309.1    0.01
 143 24 2018    0.00    0.00    0.00    3.87    3.19    0.00    0.00    0.00   -3.86    0.02    0.00    0.00   313.0   -0.02
 144 24 2018    0.00    0.00    0.00    5.61    4.53   -0.01    0.00    0.00   -5.63    0.01    0.00    0.00   318.6    0.01
 145 24 2018    0.00    0.00    0.00    2.08    1.34    0.02    0.00    0.00   -2.12    0.01    0.00    0.00   320.7    0.02
 146 24 2018    0.00    0.00    0.00    1.07    0.63   -0.03    0.00    0.00   -1.02    0.01    0.00    0.00   321.7   -0.03
 147 24 2018    0.04    0.00    0.02    0.54    0.34    0.02    0.00    0.00   -0.56    0.00    0.00    0.00   322.3    0.01
 148 24 2018    0.96    0.00    0.01    0.79    0.02   -0.01    0.00    0.00    0.14    0.00    0.00    0.00   323.1    0.04
 149 24 2018    0.00    0.00    0.00    0.76    0.21   -0.01    0.00    0.00   -0.74    0.00    0.00    0.00   323.8   -0.01
 150 24 2018    0.00    0.00    0.00    0.61    0.22   -0.01    0.00    0.00   -0.57    0.00    0.00    0.00   324.5   -0.04
 151 24 2018    0.00    0.00    0.00    0.42    0.19   -0.01    0.00    0.00   -0.44    0.00    0.00    0.00   324.9    0.03
 152 24 2018    0.00    0.00    0.00    0.47    0.14    0.00    0.00    0.00   -0.43    0.00    0.00    0.00   325.3   -0.03
 153 24 2018    0.00    0.00    0.00    0.26    0.09    0.02    0.00    0.00   -0.31    0.00    0.00    0.00   325.6    0.02
 154 24 2018    0.00    0.00    0.00    0.18    0.04   -0.01    0.00    0.00   -0.17    0.00    0.00    0.00   325.8    0.00
 155 24 2018    0.00    0.00    0.00    0.32    0.07    0.00    0.00    0.00   -0.31    0.00    0.00    0.00   326.1   -0.01
 156 24 2018    0.00    0.00    0.00    0.22    0.05    0.00    0.00    0.00   -0.25    0.00    0.00    0.00   326.3    0.01
 157 24 2018    0.00    0.00    0.00    0.11    0.00    0.01    0.00    0.00   -0.15    0.00    0.00    0.00   326.4    0.03
 158 24 2018    0.00    0.00    0.00    0.23    0.00   -0.02    0.00    0.00   -0.21    0.00    0.00    0.00   326.7    0.00
 159 24 2018    0.00    0.00    0.00    0.16    0.00    0.01    0.00    0.00   -0.16    0.00    0.00    0.00   326.8   -0.02
 160 24 2018    0.00    0.00    0.00    0.20    0.00    0.00    0.00    0.00   -0.19    0.00    0.00    0.00   327.0   -0.01
 161 24 2018    0.00    0.00    0.00    0.16    0.00    0.01    0.00    0.00   -0.20    0.00    0.00    0.00   327.2    0.03
 162 24 2018    0.00    0.00    0.00    0.21    0.00   -0.01    0.00    0.00   -0.19    0.00    0.00    0.00   327.4   -0.01
 163 24 2018    0.00    0.00    0.00    0.04    0.00    0.02    0.00    0.00   -0.10    0.00    0.00    0.00   327.4    0.03
 164 24 2018    0.00    0.00    0.00    0.16    0.00   -0.01    0.00    0.00   -0.13    0.00    0.00    0.00   327.6   -0.02
 165 24 2018    0.04    0.00    0.02    0.17    0.00   -0.01    0.00    0.00   -0.12    0.00    0.00    0.00   327.8   -0.02
 166 24 2018    1.04    0.00    0.04    0.88    0.00    0.04    0.00    0.00    0.12    0.00    0.00    0.00   328.7   -0.03
 167 24 2018    3.08    0.00    0.73    1.36    0.00    0.00    0.00    0.00    1.01    0.00    0.00    0.00   330.0    0.02
 168 24 2018   26.83    0.00    4.74    1.04    0.00   -0.01    0.00    0.00   21.78    0.00    0.00    0.00   331.1    0.01
 169 24 2018    0.13    0.00    0.87    4.55    0.00    0.01    0.00    0.00   -0.56    0.00    0.00    0.00   335.6    0.00
 170 24 2018    2.88    0.00    0.35    2.68    0.32    0.00    0.00    0.00    0.68    0.02    0.00    0.00   338.3    0.01
 171 24 2018    0.00    0.00    0.00    3.17    2.32    0.00    0.00    0.00   -2.79    0.04    0.00    0.00   341.5   -0.06
 172 24 2018    0.00    0.00    0.00    5.97    4.87    0.01    0.00    0.00   -6.03    0.03    0.00    0.00   347.4    0.01
 173 24 2018    0.00    0.00    0.00    6.18    4.55   -0.02    0.00    0.00   -6.17    0.02    0.00    0.00   353.6    0.00
 174 24 2018    0.17    0.00    0.09    1.76    1.20    0.00    0.00    0.00   -1.74    0.01    0.00    0.00   355.4    0.05
 175 24 2018    3.83    0.00    0.00    2.91    0.22    0.00    0.00    0.00    0.96    0.01    0.00    0.00   358.3    0.04
 176 24 2018    0.00    0.00    0.00    2.36    1.37   -0.02    0.00    0.00   -2.35    0.01    0.00    0.00   360.6    0.01
 177 24 2018    0.00    0.00    0.00    0.91    0.50   -0.01    0.00    0.00   -0.90    0.01    0.00    0.00   361.5    0.00
 178 24 2018    0.00    0.00    0.00    0.57    0.29    0.00    0.00    0.00   -0.58    0.01    0.00    0.00   362.1    0.00
 179 24 2018    0.00    0.00    0.00    0.53    0.20   -0.01    0.00    0.00   -0.50    0.00    0.00    0.00   362.6   -0.02
 180 24 2018    0.04    0.00    0.02    0.30    0.11    0.03    0.00    0.00   -0.33    0.00    0.00    0.00   362.9    0.01
 181 24 2018    0.96    0.00    0.00    0.84    0.00    0.00    0.00    0.00    0.11    0.00    0.00    0.00   363.8    0.03
 182 24 2018    0.00    0.00    0.00    0.55    0.09   -0.01    0.00    0.00   -0.51    0.00    0.00    0.00   364.3   -0.04
 183 24 2018    0.00    0.00    0.00    0.40    0.08   -0.01    0.00    0.00   -0.35    0.00    0.00    0.00   364.7   -0.04
 184 24 2018    0.00    0.00    0.00    0.16    0.03    0.00    0.00    0.00   -0.20    0.00    0.00    0.00   364.9    0.03
 185 24 2018    0.00    0.00    0.00    0.06    0.02    0.03    0.00    0.00   -0.13    0.00    0.00    0.00   364.9    0.03
 186 24 2018    0.00    0.00    0.00    0.03    0.00    0.00    0.00    0.00   -0.09    0.00    0.00    0.00   365.0    0.06
 187 24 2018    0.29    0.00    0.15    0.23    0.01   -0.01    0.00    0.00   -0.04    0.00    0.00    0.00   365.2   -0.04
 188 24 2018    6.71    0.00    0.78    4.02    0.46    0.02    0.00    0.00    2.06    0.00    0.00    0.00   369.2   -0.03
 189 24 2018    0.00    0.00    0.00    2.32    0.76    0.00    0.00    0.00   -1.58    0.00    0.00    0.00   371.5    0.03
 190 24 2018    0.00    0.00    0.00    0.51    0.15   -0.03    0.00    0.00   -0.50    0.00    0.00    0.00   372.0    0.01
 191 24 2018    0.00    0.00    0.00    0.32    0.09   -0.01    0.00    0.00   -0.38    0.00    0.00    0.00   372.4    0.07
 192 24 2018    0.08    0.00    0.04    0.19    0.04    0.02    0.00    0.00   -0.24    0.00    0.00    0.00   372.6    0.07
 193 24 2018    2.00    0.00    0.04    1.43    0.00    0.02    0.00    0.00    0.53    0.00    0.00    0.00   374.0    0.02
 194 24 2018    1.92    0.00    0.04    1.87    0.00   -0.01    0.00    0.00    0.07    0.00    0.00    0.00   375.8    0.00
 195 24 2018    0.50    0.00    0.26    0.56    0.03    0.00    0.00    0.00   -0.33    0.00    0.00    0.00   376.4    0.05
 196 24 2018   11.58    0.00    4.69    1.62    0.00    0.00    0.00    0.00    5.51    0.00    0.00    0.00   378.0    0.01
 197 24 2018    1.92    0.00    0.65    5.46    0.00    0.01    0.00    0.00    0.49    0.00    0.00    0.00   383.5    0.00
 198 24 2018    0.00    0.00    0.00    4.25    2.64   -0.02    0.00    0.00   -3.55    0.00    0.00    0.00   387.7   -0.02
 199 24 2018    0.00    0.00    0.00    1.41    0.68    0.00    0.00    0.00   -1.43    0.00    0.00    0.00   389.2    0.00
 200 24 2018    0.00    0.00    0.00    0.67    0.31   -0.01    0.00    0.00   -0.68    0.00    0.00    0.00   389.8    0.01
 201 24 2018    0.04    0.00    0.02    0.38    0.13    0.00    0.00    0.00   -0.34    0.00    0.00    0.00   390.2   -0.02
 202 24 2018    1.58    0.00    0.32    0.98    0.00    0.02    0.00    0.00    0.31    0.00    0.00    0.00   391.2   -0.02
 203 24 2018   14.88    0.00    3.03    6.08    0.78    0.02    0.00    0.00    6.05    0.00    0.00    0.00   397.3    0.01
 204 24 2018   11.50    0.00    4.76    1.88    0.00   -0.01    0.00    0.00    7.91    0.00    0.00    0.00   399.1   -0.01
 205 24 2018    0.13    0.00    0.06    5.17    0.00    0.00    0.00    0.00   -0.39    0.00    0.00    0.00   404.3    0.04
 206 24 2018    2.96    0.00    0.39    5.43    3.45    0.00    0.00    0.00   -2.81    0.00    0.00    0.00   409.7    0.01
 207 24 2018    1.96    0.00    0.15    4.86    2.95    0.00    0.00    0.00   -2.66    0.00    0.00    0.00   414.6   -0.01
 208 24 2018    0.96    0.00    0.00    4.35    2.68   -0.01    0.00    0.00   -3.22    0.00    0.00    0.00   419.0   -0.01
 209 24 2018    0.00    0.00    0.00    1.58    0.89    0.01    0.00    0.00   -1.61    0.00    0.00    0.00   420.5    0.02
 210 24 2018    0.00    0.00    0.00    0.94    0.41   -0.01    0.00    0.00   -0.92    0.00    0.00    0.00   421.5   -0.01
 211 24 2018    0.00    0.00    0.00    0.55    0.21   -0.02    0.00    0.00   -0.47    0.00    0.00    0.00   422.0   -0.07
 212 24 2018    0.00    0.00    0.00    0.45    0.19    0.01    0.00    0.00   -0.47    0.00    0.00    0.00   422.5    0.01
 213 24 2018    0.00    0.00    0.00    0.25    0.09    0.00    0.00    0.00   -0.27    0.00    0.00    0.00   422.7    0.02
 214 24 2018    0.13    0.00    0.06    0.31    0.10   -0.01    0.00    0.00   -0.28    0.00    0.00    0.00   423.0    0.04
 215 24 2018    2.88    0.00    0.00    2.25    0.00    0.00    0.00    0.00    0.73    0.00    0.00    0.00   425.3   -0.04
 216 24 2018    0.08    0.00    0.04    0.84    0.15    0.00    0.00    0.00   -0.84    0.00    0.00    0.00   426.1    0.03
 217 24 2018    1.92    0.00    0.14    1.62    0.02    0.02    0.00    0.00    0.16    0.00    0.00    0.00   427.7    0.02
 218 24 2018    0.00    0.00    0.00    0.71    0.08   -0.01    0.00    0.00   -0.50    0.00    0.00    0.00   428.4   -0.06
 219 24 2018    0.04    0.00    0.02    0.35    0.05   -0.01    0.00    0.00   -0.27    0.00    0.00    0.00   428.8   -0.06
 220 24 2018    0.96    0.00    0.00    0.96    0.00    0.00    0.00    0.00    0.02    0.00    0.00    0.00   429.7    0.00
 221 24 2018    0.00    0.00    0.00    0.34    0.04    0.00    0.00    0.00   -0.40    0.00    0.00    0.00   430.1    0.06
 222 24 2018    0.00    0.00    0.00    0.22    0.04    0.00    0.00    0.00   -0.25    0.00    0.00    0.00   430.3    0.03
 223 24 2018    0.00    0.00    0.00    0.28    0.04   -0.02    0.00    0.00   -0.27    0.00    0.00    0.00   430.6    0.00
 224 24 2018    0.00    0.00    0.00    0.27    0.02   -0.01    0.00    0.00   -0.23    0.00    0.00    0.00   430.8   -0.03
 225 24 2018    0.00    0.00    0.00    0.14    0.00    0.01    0.00    0.00   -0.19    0.00    0.00    0.00   431.0    0.02
 226 24 2018    0.00    0.00    0.00   -0.04    0.00    0.02    0.00    0.00    0.04    0.00    0.00    0.00   430.9   -0.02
 227 24 2018    0.00    0.00    0.00    0.28    0.00   -0.02    0.00    0.00   -0.26    0.00    0.00    0.00   431.2   -0.01
 228 24 2018    0.00    0.00    0.00    0.09    0.00    0.00    0.00    0.00   -0.14    0.00    0.00    0.00   431.3    0.04
 229 24 2018    0.04    0.00    0.02    0.04    0.00    0.00    0.00    0.00   -0.08    0.00    0.00    0.00   431.4    0.06
 230 24 2018    0.96    0.00    0.00    0.86    0.00    0.00    0.00    0.00    0.13    0.00    0.00    0.00   432.2   -0.03
 231 24 2018    0.00    0.00    0.00    0.34    0.00   -0.01    0.00    0.00   -0.27    0.00    0.00    0.00   432.6   -0.07
 232 24 2018    0.17    0.00    0.09    0.14    0.00    0.00    0.00    0.00   -0.03    0.00    0.00    0.00   432.7   -0.04
 233 24 2018    3.83    0.00    0.06    2.24    0.00    0.01    0.00    0.00    1.56    0.00    0.00    0.00   434.9    0.04
 234 24 2018    0.00    0.00    0.00    0.85    0.15    0.00    0.00    0.00   -0.77    0.00    0.00    0.00   435.8   -0.02
 235 24 2018    0.00    0.00    0.00    0.38    0.02   -0.02    0.00    0.00   -0.35    0.00    0.00    0.00   436.2   -0.02
 236 24 2018    0.04    0.00    0.02    0.24    0.02    0.00    0.00    0.00   -0.23    0.00    0.00    0.00   436.4    0.00
 237 24 2018    0.96    0.00    0.00    0.97    0.00    0.00    0.00    0.00    0.03    0.00    0.00    0.00   437.4   -0.03
 238 24 2018    0.17    0.00    0.09    0.39    0.01   -0.01    0.00    0.00   -0.26    0.00    0.00    0.00   437.8   -0.04
 239 24 2018    3.83    0.08    0.05    3.34    0.00    0.01    0.00    0.00    0.53    0.00    0.00    0.00   441.1   -0.02
 240 24 2018    0.00    0.00    0.00    0.60    0.00    0.00    0.00    0.00   -0.54    0.00    0.00    0.00   441.7   -0.01
 241 24 2018    0.00    0.00    0.00    0.33    0.01   -0.03    0.00    0.00   -0.29    0.00    0.00    0.00   442.1   -0.02
 242 24 2018    0.00    0.00    0.00    0.17    0.00    0.00    0.00    0.00   -0.16    0.00    0.00    0.00   442.2   -0.01
 243 24 2018    0.00    0.00    0.00    0.10    0.00    0.00    0.00    0.00   -0.13    0.00    0.00    0.00   442.3    0.02
 244 24 2018    0.00    0.00    0.00   -0.04    0.00    0.04    0.00    0.00   -0.05    0.00    0.00    0.00   442.3    0.04
 245 24 2018    0.00    0.00    0.00    0.18    0.00   -0.01    0.00    0.00   -0.15    0.00    0.00    0.00   442.5   -0.01
 246 24 2018    0.00    0.00    0.00    0.12    0.00   -0.02    0.00    0.00   -0.07    0.00    0.00    0.00   442.6   -0.04
 247 24 2018    0.25    0.00    0.13    0.03    0.00    0.04    0.00    0.00    0.03    0.00    0.00    0.00   442.6    0.01
 248 24 2018    5.79    0.00    1.05    2.43    0.00   -0.02    0.00    0.00    2.47    0.00    0.00    0.00   445.0   -0.01
 249 24 2018    1.00    0.04    0.04    1.69    0.00   -0.01    0.00    0.00    0.29    0.00    0.00    0.00   446.7    0.02
 250 24 2018    1.00    0.12    0.07    0.95    0.01    0.01    0.00    0.00   -0.01    0.00    0.00    0.00   447.7    0.01
 251 24 2018    0.96    0.04    0.00    1.51    0.05    0.01    0.00    0.00   -0.46    0.00    0.00    0.00   449.2   -0.02
 252 24 2018    0.00    0.00    0.00    0.77    0.17   -0.02    0.00    0.00   -0.79    0.00    0.00    0.00   450.0    0.04
 253 24 2018    0.00    0.00    0.00    0.38    0.11   -0.02    0.00    0.00   -0.40    0.00    0.00    0.00   450.3    0.04
 254 24 2018    0.00    0.00    0.00    0.26    0.06    0.01    0.00    0.00   -0.25    0.00    0.00    0.00   450.6   -0.02
 255 24 2018    0.00    0.00    0.00    0.29    0.04    0.00    0.00    0.00   -0.28    0.00    0.00    0.00   450.9   -0.01
 256 24 2018    0.00    0.00    0.00    0.25    0.02    0.00    0.00    0.00   -0.25    0.00    0.00    0.00   451.1    0.01
 257 24 2018    0.00    0.00    0.00    0.14    0.00    0.02    0.00    0.00   -0.18    0.00    0.00    0.00   451.3    0.01
 258 24 2018    0.00    0.00    0.00    0.15    0.00   -0.01    0.00    0.00   -0.16    0.00    0.00    0.00   451.4    0.02
 259 24 2018    0.00    0.00    0.00    0.15    0.00    0.00    0.00    0.00   -0.13    0.00    0.00    0.00   451.6   -0.02
 260 24 2018    0.00    0.00    0.00    0.10    0.00    0.00    0.00    0.00   -0.11    0.00    0.00    0.00   451.7    0.01
 261 24 2018    0.08    0.00    0.04    0.08    0.00    0.00    0.00    0.00   -0.06    0.00    0.00    0.00   451.8    0.02
 262 24 2018    1.92    0.00    0.00    1.54    0.00    0.01    0.00    0.00    0.43    0.00    0.00    0.00   453.3   -0.02
 263 24 2018    0.00    0.00    0.00    0.45    0.00   -0.01    0.00    0.00   -0.47    0.00    0.00    0.00   453.8    0.03
 264 24 2018    0.00    0.00    0.00    0.10    0.00   -0.01    0.00    0.00   -0.08    0.00    0.00    0.00   453.9   -0.01
 265 24 2018    0.00    0.00    0.00    0.18    0.00    0.00    0.00    0.00   -0.17    0.00    0.00    0.00   454.0   -0.01
 266 24 2018    0.13    0.06    0.06    0.10    0.00    0.00    0.00    0.00   -0.03    0.00    0.00    0.00   454.1   -0.01
 267 24 2018    2.88    0.33    0.00    2.35    0.00    0.00    0.00    0.00    0.63    0.00    0.00    0.00   456.5   -0.04
 268 24 2018    0.00    0.00    0.00    0.44    0.00    0.03    0.00    0.00   -0.52    0.00    0.00    0.00   456.9    0.04
 269 24 2018    0.00    0.00    0.00    0.22    0.00   -0.03    0.00    0.00   -0.18    0.00    0.00    0.00   457.1   -0.01
 270 24 2018    0.00    0.00    0.00    0.10    0.00    0.00    0.00    0.00   -0.10    0.00    0.00    0.00   457.2    0.00
 271 24 2018    0.00    0.00    0.00    0.09    0.00    0.00    0.00    0.00   -0.08    0.00    0.00    0.00   457.3   -0.02
 272 24 2018    0.00    0.00    0.00    0.11    0.00    0.01    0.00    0.00   -0.11    0.00    0.00    0.00   457.4    0.00
 273 24 2018    0.00    0.00    0.00    0.07    0.00    0.00    0.00    0.00   -0.10    0.00    0.00    0.00   457.5    0.03
 274 24 2018    0.00    0.00    0.00   -0.08    0.00    0.03    0.00    0.00    0.03    0.00    0.00    0.00   457.4    0.02
 275 24 2018    0.00    0.00    0.00    0.01    0.00    0.01    0.00    0.00   -0.02    0.00    0.00    0.00   457.4    0.00
 276 24 2018    0.13    0.00    0.06    0.10    0.00   -0.01    0.00    0.00   -0.01    0.00    0.00    0.00   457.5   -0.02
 277 24 2018    2.92    0.00    0.02    2.18    0.00   -0.01    0.00    0.00    0.79    0.00    0.00    0.00   459.7   -0.01
 278 24 2018    1.04    0.14    0.27    0.93    0.00    0.00    0.00    0.00   -0.11    0.00    0.00    0.00   460.6   -0.03
 279 24 2018    1.96    1.67    0.46    0.91    0.00    0.00    0.00    0.00    0.85    0.00    0.00    0.00   461.6    0.00
 280 24 2018    1.17    0.76    0.28    1.01    0.00   -0.01    0.00    0.00    0.24    0.00    0.00    0.10   462.6    0.01
 281 24 2018    4.96    1.54    2.30    0.50    0.00   -0.01    2.53    0.00   -0.02    0.00    0.00    0.00   463.1    0.04
 282 24 2018    4.15    0.00    4.12    0.26    0.00    0.00    2.19    0.00   -0.16    0.00    0.00    0.00   463.3    0.03
 283 24 2018    7.33    0.00    4.71    0.37    0.00    0.00    6.43    0.00   -0.06    0.00    0.00    0.00   463.7    0.01
 284 24 2018    3.35    4.13    3.14    2.75    0.00    0.00   -1.98    0.00    4.14    0.00    0.00    0.00   466.5    0.00
 285 24 2018    0.21    3.53    0.11    6.08    2.80   -0.02   -3.36    0.00    0.56    0.00    0.00    0.00   472.5   -0.01
 286 24 2018    5.21    3.67    0.78    5.09    3.07    0.01   -1.00    0.00    0.45    0.00    0.00    0.00   477.6   -0.01
 287 24 2018    9.58    0.19    4.46    1.19    0.00    0.01    4.51    0.00    0.19    0.00    0.00    0.00   478.8    0.00
 288 24 2018    0.04    0.13    2.59    1.89    0.00    0.00   -0.06    0.00    0.06    0.00    0.00    0.00   480.7    0.02
 289 24 2018    0.96    1.61    0.43    2.66    0.00   -0.01   -1.01    0.00    1.48    0.00    0.00    0.00   483.4    0.01
 290 24 2018    0.00    1.79    0.00    1.70    1.30    0.03   -1.73    0.00    0.43    0.00    0.00    0.00   485.1    0.01
 291 24 2018    0.00    0.89    0.00    1.51    1.40    0.00   -0.90    0.00   -0.54    0.00    0.00    0.00   486.6   -0.06
 292 24 2018    0.00    2.68    0.00    2.01    1.96    0.00   -2.63    0.00    0.64    0.00    0.00    0.00   488.6   -0.02
 293 24 2018    0.00    3.08    0.00    2.04    1.89   -0.04   -2.99    0.00    0.98    0.00    0.00    0.00   490.6    0.01
 294 24 2018    0.00    0.00    0.00    2.64    2.26    0.02    0.00    0.00   -2.66    0.00    0.00    0.00   493.2    0.01
 295 24 2018    0.00    0.00    0.00    1.58    1.42    0.01    0.00    0.00   -1.61    0.00    0.00    0.00   494.8    0.03
 296 24 2018    0.00    0.00    0.00    0.84    0.68    0.02    0.00    0.00   -0.88    0.00    0.00    0.00   495.7    0.03
 297 24 2018    0.00    0.00    0.00    0.80    0.30   -0.03    0.00    0.00   -0.74    0.00    0.00    0.00   496.5   -0.03
 298 24 2018    0.00    0.00    0.00    0.53    0.12    0.01    0.00    0.00   -0.46    0.00    0.00    0.00   497.0   -0.07
 299 24 2018    0.00    0.00    0.00    0.45    0.06    0.00    0.00    0.00   -0.46    0.00    0.00    0.00   497.4    0.01
 300 24 2018    0.00    0.00    0.00    0.22    0.05    0.00    0.00    0.00   -0.26    0.00    0.00    0.00   497.7    0.04
 301 24 2018    0.00    0.00    0.00    0.28    0.04   -0.02    0.00    0.00   -0.24    0.00    0.00    0.00   497.9   -0.02
 302 24 2018    0.50    0.00    0.26    0.20    0.05    0.02    0.00    0.00    0.01    0.00    0.00    0.00   498.1    0.01
 303 24 2018   11.58    1.11    4.72    0.53    0.00   -0.02    6.32    0.00    0.28    0.00    0.00    0.00   498.7    0.00
 304 24 2018    2.00    0.00    2.63    2.86    0.00    0.01    1.23    0.00    0.01    0.00    0.00    0.00   501.5   -0.01
 305 24 2018    2.29    1.35    0.19    3.68    0.00    0.01   -0.34    0.00    1.39    0.00    0.00    0.00   505.2   -0.01
 306 24 2018    8.87   11.02    0.30    5.49    1.04    0.01   -7.21    0.00   10.52    0.00    0.00    0.00   510.7   -0.04
 307 24 2018    5.88    0.61    0.77    2.69    0.13   -0.01    0.00    0.00    2.65    0.00    0.00    0.00   513.4    0.07
 308 24 2018    3.08    0.48    0.11    3.56    1.16   -0.01    0.00    0.00    0.09    0.00    0.00    0.10   517.0    0.01
 309 24 2018    4.83    1.70    0.20    3.63    1.04    0.00    0.00    0.00    1.15    0.00    0.00    0.02   520.6    0.04
 310 24 2018    1.00    1.12    0.02    1.62    0.81    0.00    0.00    0.00   -0.54    0.00    0.00    0.10   522.2    0.03
 311 24 2018    0.96    5.81    0.00    0.74    0.10    0.00    0.59    0.00   -0.30    0.00    0.00    0.00   522.9    0.05
 312 24 2018    0.00    0.00    0.00    0.32    0.04   -0.01    0.15    0.00   -0.42    0.00    0.00    0.00   523.3   -0.04
 313 24 2018    0.00    0.00    0.00    0.57    0.34   -0.01    0.05    0.00   -0.61    0.00    0.00    0.00   523.8    0.00
 314 24 2018    0.42    0.00    0.21    0.87    0.81    0.02    0.29    0.00   -0.96    0.00    0.00    0.00   524.7    0.00
 315 24 2018    9.62    0.00    4.61    0.48    0.00    0.00    4.83    0.00   -0.10    0.00    0.00    0.00   525.2    0.02
 316 24 2018    0.96    0.00    1.16    3.95    0.00    0.00    0.57    0.00   -0.10    0.00    0.00    0.00   529.1    0.00
 317 24 2018    0.00    0.00    0.00    1.19    0.03   -0.01    0.03    0.00   -0.07    0.00    0.00    0.00   530.3    0.02
 318 24 2018    0.00    0.41    0.00    0.91    0.94   -0.01   -0.43    0.00   -0.53    0.00    0.00    0.00   531.2    0.06
 319 24 2018    0.00    0.33    0.00    1.13    1.07    0.00   -0.34    0.00   -0.77    0.00    0.00    0.00   532.3   -0.01
 320 24 2018    0.25    0.16    0.13    0.30    0.22    0.02   -0.07    0.00   -0.12    0.00    0.00    0.00   532.7    0.00
 321 24 2018    5.75    0.00    2.67    0.40    0.00   -0.01    2.92    0.00   -0.09    0.00    0.00    0.00   533.1    0.00
 322 24 2018    0.00    0.00    0.00    2.74    0.05   -0.01    0.02    0.00   -0.15    0.00    0.00    0.00   535.8    0.07
 323 24 2018    0.00    0.00    0.00    0.07    0.01    0.01    0.02    0.00   -0.11    0.00    0.00    0.00   535.9    0.00
 324 24 2018    0.00    0.00    0.00    0.09    0.05   -0.01   -0.01    0.00   -0.06    0.00    0.00    0.00   536.0   -0.01
 325 24 2018    0.00    0.04    0.00    0.13    0.07    0.00   -0.10    0.00   -0.01    0.00    0.00    0.00   536.1   -0.02
 326 24 2018    0.13    0.04    0.06    0.14    0.19    0.03   -0.05    0.00   -0.09    0.00    0.00    0.00   536.2    0.03
 327 24 2018    3.33    2.11    0.23    1.67    0.08    0.00   -0.58    0.00    2.13    0.00    0.00    0.00   537.9   -0.06
 328 24 2018   10.58    2.14    2.53    3.16    0.00   -0.02    3.06    0.00    2.09    0.00    0.00    0.00   541.1    0.01
 329 24 2018    0.96    0.00    0.00    3.17    0.02   -0.01    0.49    0.00   -0.16    0.00    0.00    0.00   544.2   -0.01
 330 24 2018    0.00    0.00    0.00    0.23    0.00    0.00   -0.05    0.00   -0.15    0.00    0.00    0.00   544.4   -0.03
 331 24 2018    0.17    0.00    0.08    0.08    0.01    0.01    0.05    0.00   -0.09    0.00    0.00    0.00   544.5    0.03
 332 24 2018    3.83    0.00    0.25    1.80    0.02    0.03    1.83    0.00   -0.12    0.00    0.00    0.00   546.3    0.13
 333 24 2018    0.04    0.00    0.02    0.59    0.22   -0.03    0.00    0.00   -0.23    0.00    0.00    0.00   546.9   -0.05
 334 24 2018    0.96    0.00    0.00    0.56    0.00    0.01    0.48    0.00   -0.17    0.00    0.00    0.00   547.5    0.11
 335 24 2018    0.00    0.00    0.00    0.18    0.00   -0.02   -0.03    0.00   -0.07    0.00    0.00    0.00   547.7   -0.07
 336 24 2018    0.04    0.00    0.02    0.02    0.00    0.01    0.05    0.00   -0.07    0.00    0.00    0.00   547.7    0.01
 337 24 2018    0.96    0.00    0.00    0.52    0.00   -0.01    0.52    0.00   -0.15    0.00    0.00    0.00   548.2    0.10
 338 24 2018    0.08    0.00    0.04    0.13    0.00   -0.01    0.01    0.00   -0.08    0.00    0.00    0.00   548.3   -0.01
 339 24 2018    1.96    0.00    0.03    1.03    0.00    0.01    0.94    0.00   -0.12    0.00    0.00    0.00   549.4    0.11
 340 24 2018    0.96    0.06    0.12    0.41    0.01    0.00    0.35    0.00    0.11    0.00    0.00    0.00   549.8    0.01
 341 24 2018    0.00    0.00    0.00    0.13    0.00    0.01    0.00    0.00   -0.05    0.00    0.00    0.00   549.9    0.03
 342 24 2018    0.00    0.00    0.00    0.12    0.00   -0.01   -0.04    0.00   -0.02    0.00    0.00    0.00   550.0   -0.04
 343 24 2018    0.00    0.00    0.00    0.16    0.00   -0.02   -0.07    0.00   -0.05    0.00    0.00    0.00   550.2   -0.02
 344 24 2018    0.00    0.00    0.00    0.09    0.04    0.00   -0.05    0.00   -0.04    0.00    0.00    0.00   550.2   -0.01
 345 24 2018    0.08    0.00    0.04    0.15    0.00    0.00   -0.03    0.00   -0.04    0.00    0.00    0.00   550.4   -0.03
 346 24 2018    1.92    0.00    0.00    1.05    0.01    0.02    0.93    0.00   -0.16    0.00    0.00    0.00   551.4    0.12
 347 24 2018    0.00    0.00    0.00    0.03    0.00   -0.01    0.01    0.00   -0.03    0.00    0.00    0.00   551.5    0.01
 348 24 2018    0.00    0.00    0.00    0.07    0.06    0.00   -0.03    0.00   -0.03    0.00    0.00    0.00   551.5    0.00
 349 24 2018    0.00    0.00    0.00    0.09    0.07    0.00   -0.05    0.00   -0.04    0.00    0.00    0.00   551.6    0.00
 350 24 2018    0.00    0.08    0.00    0.54    0.51    0.00   -0.11    0.00   -0.41    0.00    0.00    0.00   552.2   -0.02
 351 24 2018    0.00    0.00    0.00    0.32    0.33    0.01   -0.04    0.00   -0.31    0.00    0.00    0.00   552.5    0.02
 352 24 2018    0.21    0.00    0.11    0.08    0.15    0.00    0.10    0.00   -0.16    0.00    0.00    0.00   552.6    0.08
 353 24 2018    4.79    0.00    0.23    2.36    0.00    0.00    2.38    0.00   -0.06    0.00    0.00    0.00   554.9    0.00
 354 24 2018    0.00    0.00    0.00    0.26    0.01   -0.01    0.01    0.00   -0.03    0.00    0.00    0.00   555.2    0.00
 355 24 2018    0.13    0.00    0.06    0.11    0.05    0.00    0.04    0.00   -0.04    0.00    0.00    0.00   555.3   -0.04
 356 24 2018    2.88    0.00    0.00    1.57    0.00   -0.01    1.42    0.00   -0.05    0.00    0.00    0.00   556.8    0.01
 357 24 2018    0.08    0.00    0.04    0.00    0.00    0.01    0.05    0.00   -0.07    0.00    0.00    0.00   556.8    0.06
 358 24 2018    1.92    0.00    0.05    0.96    0.00    0.00    0.95    0.00   -0.08    0.00    0.00    0.00   557.8    0.07
 359 24 2018    0.04    0.00    0.02    0.07    0.00    0.00    0.05    0.00   -0.12    0.00    0.00    0.00   557.9    0.08
 360 24 2018    0.96    0.00    0.17    0.35    0.00    0.00    0.49    0.00   -0.22    0.00    0.00    0.00   558.2    0.20
 361 24 2018    0.04    0.00    0.02    0.21    0.00    0.00    0.06    0.00   -0.04    0.00    0.00    0.00   558.4   -0.02
 362 24 2018    0.96    0.00    0.06    0.45    0.00    0.00    0.51    0.00   -0.04    0.00    0.00    0.00   558.9   -0.01
 363 24 2018    0.00    0.00    0.00    0.08    0.00    0.00    0.00    0.00   -0.17    0.00    0.00    0.00   559.0    0.15
 364 24 2018    0.08    0.00    0.04    0.01    0.00    0.01    0.04    0.00    0.00    0.00    0.00    0.00   559.0   -0.01
