
                     FROST AND SNOW DEPTH


 DAY HR  YR     THAW   FROST    SNOW     SWE      ICE CONTENT OF EACH NODE (M3/M3)
                 CM      CM      CM       MM        0.00  0.05  0.10  0.15  0.20  0.25  0.30  0.35  0.40  0.45  0.50  0.60  0.70  0.80  0.90  1.00  1.50
   1  1 2018     0.0    45.4     0.0     0.0       0.121 0.120 0.089 0.088 0.086 0.049 0.048 0.047 0.045 0.037 0.000 0.000 0.000 0.000 0.000 0.000 0.000
   1 24 2018     0.0    47.6     0.0     0.0       0.058 0.124 0.092 0.090 0.088 0.049 0.049 0.047 0.046 0.042 0.000 0.000 0.000 0.000 0.000 0.000 0.000
   2 24 2018     0.0    48.9     0.0     0.0       0.011 0.121 0.092 0.091 0.089 0.050 0.050 0.049 0.047 0.045 0.008 0.000 0.000 0.000 0.000 0.000 0.000
   3 24 2018     0.0    50.6     0.0     0.0       0.010 0.109 0.091 0.090 0.088 0.050 0.049 0.049 0.047 0.045 0.023 0.000 0.000 0.000 0.000 0.000 0.000
   4 24 2018     0.0    52.0     0.0     0.0       0.008 0.098 0.084 0.089 0.088 0.049 0.049 0.049 0.047 0.045 0.036 0.000 0.000 0.000 0.000 0.000 0.000
   5 24 2018     0.0    52.6     0.0     0.0       0.013 0.079 0.081 0.087 0.086 0.049 0.049 0.048 0.048 0.046 0.042 0.000 0.000 0.000 0.000 0.000 0.000
   6 24 2018     0.0    55.8     0.0     0.0       0.023 0.068 0.081 0.086 0.084 0.048 0.049 0.048 0.048 0.047 0.043 0.003 0.000 0.000 0.000 0.000 0.000
   7 24 2018     0.0    56.8     1.3     1.4       0.006 0.073 0.080 0.088 0.085 0.048 0.049 0.049 0.048 0.047 0.043 0.006 0.000 0.000 0.000 0.000 0.000
   8 24 2018     0.0    57.9     0.9     1.3       0.005 0.065 0.079 0.087 0.084 0.048 0.049 0.049 0.048 0.047 0.043 0.011 0.000 0.000 0.000 0.000 0.000
   9 24 2018     0.0    58.8     0.4     0.7       0.008 0.058 0.079 0.086 0.082 0.047 0.049 0.049 0.048 0.047 0.043 0.016 0.000 0.000 0.000 0.000 0.000
  10 24 2018     0.0    59.5     1.6     2.2       0.012 0.059 0.079 0.085 0.081 0.046 0.048 0.048 0.047 0.047 0.043 0.021 0.000 0.000 0.000 0.000 0.000
  11 24 2018     0.0    60.0     3.0     3.5       0.011 0.065 0.084 0.090 0.084 0.047 0.050 0.049 0.048 0.047 0.043 0.024 0.000 0.000 0.000 0.000 0.000
  12 24 2018     0.0    60.6     4.7     5.6       0.005 0.065 0.084 0.090 0.084 0.047 0.050 0.050 0.049 0.048 0.044 0.028 0.000 0.000 0.000 0.000 0.000
  13 24 2018     0.0    61.3     4.5     6.2       0.001 0.065 0.081 0.091 0.084 0.047 0.050 0.050 0.049 0.049 0.045 0.034 0.000 0.000 0.000 0.000 0.000
  14 24 2018     0.0    61.8     3.9     6.3       0.001 0.065 0.081 0.091 0.084 0.047 0.051 0.050 0.050 0.049 0.046 0.038 0.000 0.000 0.000 0.000 0.000
  15 24 2018     0.0    62.1     4.4     6.9       0.000 0.067 0.083 0.092 0.085 0.047 0.051 0.051 0.050 0.049 0.046 0.042 0.000 0.000 0.000 0.000 0.000
  16 24 2018     4.5    65.1     4.0     7.0       0.000 0.067 0.080 0.093 0.086 0.047 0.052 0.051 0.051 0.050 0.047 0.044 0.000 0.000 0.000 0.000 0.000
  17 24 2018     0.0    66.0     3.8     6.9       0.000 0.053 0.079 0.092 0.085 0.047 0.052 0.051 0.051 0.051 0.048 0.045 0.002 0.000 0.000 0.000 0.000
  18 24 2018     0.0    66.8     3.2     6.7       0.001 0.047 0.077 0.090 0.083 0.047 0.051 0.051 0.051 0.051 0.048 0.046 0.004 0.000 0.000 0.000 0.000
  19 24 2018     0.0    75.1     2.7     5.9       0.007 0.046 0.077 0.089 0.082 0.046 0.051 0.051 0.051 0.050 0.048 0.046 0.004 0.000 0.000 0.000 0.000
  20 24 2018     0.0    75.5     3.0     6.0       0.009 0.049 0.078 0.090 0.082 0.046 0.051 0.051 0.050 0.050 0.048 0.046 0.005 0.000 0.000 0.000 0.000
  21 24 2018     0.0    75.8    18.8    16.1       0.006 0.050 0.080 0.091 0.083 0.046 0.051 0.051 0.051 0.050 0.048 0.046 0.005 0.000 0.000 0.000 0.000
  22 24 2018     0.0    76.1    15.9    16.2       0.004 0.049 0.079 0.091 0.083 0.046 0.051 0.051 0.051 0.051 0.048 0.046 0.006 0.000 0.000 0.000 0.000
  23 24 2018     0.0    85.4    14.6    16.7       0.004 0.049 0.079 0.091 0.083 0.046 0.051 0.051 0.051 0.051 0.048 0.046 0.006 0.001 0.000 0.000 0.000
  24 24 2018     0.0    85.9    12.7    16.7       0.003 0.049 0.079 0.091 0.083 0.046 0.051 0.051 0.051 0.051 0.048 0.046 0.006 0.001 0.000 0.000 0.000
  25 24 2018     0.0    86.5    10.9    16.8       0.001 0.047 0.078 0.091 0.082 0.046 0.051 0.051 0.051 0.051 0.048 0.046 0.007 0.001 0.001 0.000 0.000
  26 24 2018     0.0    87.0    11.4    17.8       0.003 0.049 0.077 0.091 0.082 0.046 0.051 0.051 0.051 0.051 0.048 0.046 0.007 0.001 0.001 0.000 0.000
  27 24 2018     0.0    87.4    10.5    17.9       0.003 0.050 0.078 0.092 0.083 0.046 0.052 0.051 0.051 0.051 0.048 0.046 0.007 0.001 0.001 0.000 0.000
  28 24 2018     0.0    87.7     9.8    17.9       0.001 0.049 0.078 0.092 0.083 0.046 0.052 0.052 0.051 0.051 0.048 0.047 0.007 0.001 0.002 0.000 0.000
  29 24 2018     0.0    88.1     9.0    17.9       0.002 0.047 0.077 0.091 0.082 0.046 0.052 0.052 0.051 0.051 0.049 0.047 0.007 0.001 0.002 0.000 0.000
  30 24 2018     0.0    95.3     8.6    17.9       0.001 0.044 0.076 0.090 0.081 0.045 0.052 0.051 0.051 0.051 0.049 0.047 0.008 0.001 0.002 0.000 0.000
  31 24 2018     0.0    95.9     8.9    19.0       0.003 0.041 0.075 0.089 0.080 0.045 0.051 0.051 0.051 0.051 0.048 0.047 0.008 0.001 0.002 0.000 0.000
  32 24 2018     0.0    96.4    13.3    24.2       0.005 0.042 0.076 0.090 0.081 0.045 0.051 0.051 0.051 0.051 0.048 0.047 0.008 0.001 0.002 0.000 0.000
  33 24 2018     0.0    96.8    12.2    24.2       0.004 0.042 0.076 0.090 0.080 0.045 0.051 0.051 0.051 0.051 0.048 0.047 0.008 0.001 0.002 0.000 0.000
  34 24 2018     0.0    97.1    12.8    25.8       0.004 0.042 0.074 0.089 0.080 0.045 0.051 0.051 0.051 0.051 0.048 0.047 0.008 0.001 0.002 0.000 0.000
  35 24 2018     0.0    97.3    13.9    28.0       0.003 0.042 0.071 0.089 0.080 0.045 0.051 0.051 0.051 0.051 0.048 0.047 0.008 0.001 0.002 0.000 0.000
  36 24 2018     0.0    97.4    17.8    33.2       0.004 0.042 0.071 0.089 0.080 0.045 0.051 0.051 0.051 0.051 0.048 0.047 0.008 0.001 0.003 0.000 0.000
  37 24 2018     0.0    97.6    16.7    33.2       0.005 0.042 0.071 0.090 0.080 0.045 0.051 0.051 0.051 0.051 0.048 0.046 0.008 0.001 0.003 0.000 0.000
  38 24 2018     0.0    97.7    16.0    33.2       0.006 0.043 0.071 0.090 0.080 0.045 0.051 0.051 0.051 0.051 0.048 0.046 0.008 0.001 0.003 0.000 0.000
  39 24 2018     0.0    97.8    15.7    33.3       0.004 0.042 0.070 0.090 0.080 0.045 0.051 0.051 0.051 0.051 0.048 0.047 0.008 0.001 0.003 0.000 0.000
  40 24 2018     0.0    98.0    17.3    37.2       0.001 0.039 0.068 0.089 0.079 0.044 0.051 0.051 0.051 0.051 0.048 0.047 0.008 0.001 0.003 0.000 0.000
  41 24 2018     0.0    98.1    28.5    47.0       0.005 0.041 0.069 0.089 0.079 0.044 0.051 0.051 0.051 0.051 0.048 0.047 0.008 0.001 0.003 0.000 0.000
  42 24 2018     0.0    98.3    27.1    47.6       0.006 0.041 0.069 0.089 0.079 0.044 0.051 0.051 0.051 0.051 0.048 0.046 0.008 0.001 0.003 0.000 0.000
  43 24 2018     0.0    98.4    26.3    48.7       0.006 0.042 0.066 0.090 0.079 0.044 0.051 0.051 0.051 0.051 0.048 0.046 0.008 0.001 0.003 0.001 0.000
  44 24 2018     0.0    98.5    24.3    48.7       0.006 0.041 0.064 0.089 0.079 0.044 0.051 0.051 0.051 0.051 0.048 0.047 0.008 0.001 0.003 0.001 0.000
  45 24 2018     0.0    98.6    23.0    48.6       0.006 0.041 0.063 0.089 0.078 0.044 0.051 0.051 0.051 0.051 0.048 0.047 0.008 0.001 0.003 0.001 0.000
  46 24 2018     0.0    98.8    22.3    48.6       0.007 0.041 0.063 0.089 0.078 0.044 0.051 0.051 0.051 0.051 0.048 0.047 0.008 0.001 0.003 0.001 0.000
  47 24 2018     0.0    98.9    21.8    48.6       0.009 0.042 0.063 0.090 0.078 0.044 0.051 0.051 0.051 0.051 0.048 0.047 0.008 0.001 0.003 0.001 0.000
  48 24 2018     0.0    99.0    21.5    48.5       0.009 0.042 0.063 0.090 0.078 0.044 0.051 0.051 0.051 0.051 0.048 0.047 0.008 0.001 0.003 0.001 0.000
  49 24 2018     0.0    99.2    20.6    48.5       0.004 0.041 0.062 0.090 0.078 0.044 0.051 0.051 0.051 0.051 0.048 0.047 0.008 0.001 0.003 0.001 0.000
  50 24 2018     0.0    99.4    20.1    48.4       0.005 0.041 0.062 0.090 0.078 0.044 0.051 0.051 0.051 0.051 0.048 0.047 0.008 0.001 0.003 0.001 0.000
  51 24 2018     0.0    99.6    20.0    48.4       0.008 0.044 0.063 0.091 0.078 0.044 0.051 0.051 0.051 0.051 0.048 0.047 0.008 0.001 0.003 0.001 0.000
  52 24 2018     0.0    99.8    19.9    48.4       0.008 0.044 0.064 0.091 0.079 0.044 0.052 0.052 0.051 0.051 0.049 0.047 0.008 0.001 0.003 0.001 0.000
  53 24 2018     0.0   100.0    20.0    48.5       0.007 0.044 0.064 0.092 0.079 0.044 0.052 0.052 0.052 0.051 0.049 0.047 0.008 0.001 0.003 0.001 0.000
  54 24 2018     0.0   100.2    24.5    51.7       0.007 0.045 0.064 0.092 0.079 0.044 0.052 0.052 0.052 0.052 0.049 0.047 0.009 0.001 0.003 0.001 0.000
  55 24 2018     0.0   100.5    24.7    52.2       0.007 0.045 0.064 0.092 0.079 0.044 0.052 0.052 0.052 0.052 0.049 0.047 0.009 0.001 0.003 0.001 0.000
  56 24 2018     0.0   100.9    24.8    52.7       0.007 0.045 0.064 0.092 0.079 0.044 0.052 0.052 0.052 0.052 0.049 0.048 0.009 0.001 0.003 0.001 0.000
  57 24 2018     0.0   101.2    23.6    52.7       0.006 0.044 0.064 0.092 0.079 0.044 0.052 0.052 0.052 0.052 0.049 0.048 0.009 0.001 0.003 0.001 0.000
  58 24 2018     0.0   101.6    22.5    52.7       0.005 0.044 0.063 0.092 0.079 0.044 0.052 0.052 0.052 0.052 0.049 0.048 0.009 0.001 0.003 0.001 0.000
  59 24 2018     0.0   101.9    22.3    53.3       0.004 0.044 0.055 0.092 0.079 0.044 0.052 0.052 0.052 0.052 0.049 0.048 0.009 0.001 0.003 0.001 0.000
  60 24 2018     0.0   102.2    20.8    53.2       0.001 0.042 0.055 0.092 0.078 0.044 0.052 0.052 0.052 0.052 0.049 0.048 0.009 0.001 0.003 0.001 0.000
  61 24 2018     5.3   102.5    19.3    53.2       0.000 0.039 0.053 0.090 0.077 0.043 0.052 0.052 0.052 0.052 0.049 0.048 0.009 0.001 0.003 0.001 0.000
  62 24 2018     0.0   102.8    17.8    53.0       0.000 0.035 0.052 0.089 0.076 0.043 0.052 0.052 0.052 0.052 0.049 0.048 0.009 0.001 0.003 0.001 0.000
  63 24 2018     0.0   103.0    16.0    51.8       0.009 0.040 0.053 0.087 0.075 0.043 0.051 0.051 0.051 0.052 0.049 0.048 0.009 0.001 0.003 0.001 0.000
  64 24 2018     0.0   103.1    16.0    51.8       0.018 0.046 0.056 0.089 0.077 0.043 0.051 0.051 0.051 0.051 0.049 0.047 0.009 0.001 0.003 0.001 0.000
  65 24 2018     0.0   103.1    17.6    52.7       0.019 0.048 0.046 0.091 0.078 0.044 0.052 0.052 0.052 0.052 0.049 0.047 0.009 0.001 0.003 0.001 0.000
  66 24 2018     0.0   103.2    17.0    52.7       0.018 0.048 0.046 0.091 0.078 0.044 0.052 0.052 0.052 0.052 0.049 0.048 0.009 0.001 0.003 0.001 0.000
  67 24 2018     0.0   103.2    16.1    52.8       0.014 0.046 0.039 0.091 0.078 0.044 0.052 0.052 0.052 0.052 0.049 0.048 0.009 0.001 0.003 0.001 0.000
  68 24 2018     0.0   103.4    16.3    54.8       0.007 0.045 0.035 0.090 0.077 0.043 0.052 0.052 0.052 0.052 0.049 0.048 0.009 0.001 0.004 0.001 0.000
  69 24 2018     0.0   103.5    16.8    55.3       0.012 0.048 0.032 0.090 0.077 0.043 0.052 0.052 0.052 0.052 0.049 0.048 0.009 0.001 0.004 0.001 0.000
  70 24 2018     0.0   103.6    16.1    55.3       0.012 0.048 0.033 0.090 0.078 0.043 0.052 0.052 0.052 0.052 0.049 0.048 0.009 0.001 0.004 0.001 0.000
  71 24 2018     0.0   103.7    15.6    55.3       0.009 0.047 0.032 0.090 0.077 0.043 0.052 0.052 0.052 0.052 0.049 0.048 0.009 0.001 0.004 0.001 0.000
  72 24 2018     0.0   103.8    14.7    55.3       0.001 0.045 0.031 0.089 0.077 0.043 0.052 0.052 0.052 0.052 0.049 0.048 0.009 0.001 0.004 0.001 0.000
  73 24 2018     0.0   104.0    11.5    46.0       0.012 0.077 0.073 0.081 0.075 0.042 0.051 0.051 0.051 0.052 0.049 0.048 0.009 0.001 0.004 0.001 0.000
  74 24 2018     0.0   104.0    11.0    43.8       0.067 0.089 0.073 0.079 0.077 0.043 0.050 0.050 0.051 0.051 0.048 0.047 0.009 0.001 0.004 0.001 0.000
  75 24 2018     0.0   104.1    10.2    43.1       0.096 0.098 0.075 0.080 0.077 0.044 0.050 0.050 0.050 0.050 0.048 0.047 0.009 0.001 0.004 0.001 0.000
  76 24 2018     0.0   104.0     8.1    37.1       0.094 0.102 0.077 0.080 0.079 0.045 0.050 0.050 0.050 0.050 0.048 0.047 0.009 0.001 0.003 0.001 0.000
  77 24 2018     0.0   103.8    10.0    39.0       0.096 0.105 0.078 0.080 0.079 0.045 0.050 0.050 0.050 0.050 0.048 0.046 0.009 0.001 0.003 0.001 0.000
  78 24 2018     0.0   103.6     9.9    38.9       0.103 0.112 0.081 0.083 0.080 0.046 0.050 0.050 0.050 0.050 0.047 0.046 0.009 0.000 0.003 0.001 0.000
  79 24 2018     0.0   103.5    10.3    39.3       0.104 0.113 0.083 0.085 0.082 0.046 0.051 0.051 0.050 0.050 0.048 0.046 0.009 0.000 0.003 0.001 0.000
  80 24 2018     0.0   103.3     9.2    39.2       0.095 0.109 0.082 0.083 0.081 0.046 0.051 0.051 0.051 0.051 0.048 0.047 0.009 0.000 0.003 0.001 0.000
  81 24 2018     0.0   103.2     7.9    39.5       0.073 0.099 0.078 0.081 0.080 0.046 0.050 0.051 0.051 0.051 0.048 0.047 0.009 0.000 0.003 0.001 0.000
  82 24 2018     0.0   103.2     7.6    38.0       0.086 0.095 0.074 0.077 0.078 0.045 0.050 0.050 0.050 0.050 0.048 0.046 0.009 0.000 0.003 0.001 0.000
  83 24 2018     0.0   103.1     5.7    33.8       0.084 0.095 0.074 0.076 0.077 0.045 0.049 0.050 0.050 0.050 0.047 0.046 0.009 0.000 0.003 0.001 0.000
  84 24 2018     0.0   103.1     4.2    25.3       0.062 0.090 0.073 0.075 0.076 0.045 0.049 0.049 0.049 0.050 0.047 0.046 0.009 0.000 0.003 0.001 0.000
  85 24 2018     0.0   103.0     5.8    20.9       0.100 0.092 0.072 0.074 0.075 0.044 0.049 0.049 0.049 0.049 0.047 0.046 0.009 0.000 0.003 0.001 0.000
  86 24 2018     0.0   102.8     7.0    22.1       0.110 0.107 0.078 0.076 0.076 0.045 0.049 0.049 0.049 0.049 0.047 0.045 0.009 0.000 0.003 0.001 0.000
  87 24 2018     0.0   102.7     9.8    25.7       0.110 0.109 0.077 0.079 0.077 0.045 0.049 0.049 0.049 0.049 0.047 0.045 0.009 0.000 0.003 0.001 0.000
  88 24 2018     0.0   102.5    10.0    26.7       0.112 0.111 0.079 0.080 0.077 0.045 0.050 0.050 0.049 0.049 0.047 0.045 0.009 0.000 0.003 0.001 0.000
  89 24 2018     0.0   102.3     8.8    26.7       0.094 0.109 0.078 0.080 0.077 0.045 0.050 0.050 0.050 0.050 0.047 0.046 0.009 0.000 0.003 0.001 0.000
  90 24 2018     0.0   102.3     6.7    26.0       0.082 0.099 0.076 0.078 0.076 0.045 0.050 0.050 0.050 0.050 0.047 0.046 0.009 0.000 0.003 0.001 0.000
  91 24 2018     0.0   102.2     6.2    28.4       0.060 0.093 0.074 0.076 0.076 0.045 0.049 0.049 0.049 0.049 0.047 0.046 0.010 0.000 0.003 0.001 0.000
  92 24 2018     0.0   102.2     3.2    20.6       0.101 0.091 0.071 0.074 0.075 0.044 0.048 0.049 0.049 0.049 0.047 0.045 0.010 0.000 0.003 0.001 0.000
  93 24 2018     0.0   102.2     2.9    18.9       0.104 0.113 0.082 0.080 0.078 0.045 0.049 0.049 0.049 0.049 0.046 0.045 0.010 0.000 0.003 0.001 0.000
  94 24 2018     0.0   102.1     1.8    12.1       0.100 0.102 0.077 0.079 0.079 0.045 0.050 0.050 0.049 0.049 0.047 0.045 0.010 0.000 0.003 0.001 0.000
  95 24 2018     0.0   102.0     1.3     7.6       0.064 0.091 0.073 0.076 0.077 0.045 0.049 0.049 0.049 0.049 0.047 0.045 0.010 0.000 0.003 0.001 0.000
  96 24 2018    90.5   102.0    13.8    20.2       0.107 0.103 0.077 0.077 0.077 0.045 0.049 0.049 0.049 0.049 0.046 0.045 0.010 0.000 0.003 0.001 0.000
  97 24 2018    90.5   101.9    11.1    23.7       0.074 0.096 0.075 0.077 0.077 0.045 0.049 0.049 0.049 0.049 0.046 0.045 0.010 0.000 0.003 0.001 0.000
  98 24 2018    90.5   101.9    14.2    30.3       0.084 0.094 0.073 0.074 0.075 0.044 0.048 0.048 0.049 0.049 0.046 0.045 0.010 0.000 0.003 0.001 0.000
  99 24 2018    90.6   101.8    12.5    31.0       0.091 0.095 0.073 0.074 0.075 0.044 0.048 0.048 0.048 0.048 0.046 0.045 0.010 0.000 0.003 0.001 0.000
 100 24 2018    90.6   101.7     9.6    28.7       0.065 0.090 0.071 0.073 0.074 0.044 0.048 0.048 0.048 0.048 0.046 0.045 0.010 0.000 0.003 0.001 0.000
 101 24 2018    90.7   101.5     5.8    22.4       0.046 0.086 0.069 0.072 0.073 0.044 0.047 0.048 0.048 0.048 0.046 0.044 0.010 0.000 0.003 0.001 0.000
 102 24 2018    90.8   101.4     2.7    14.0       0.107 0.087 0.068 0.070 0.072 0.043 0.047 0.047 0.047 0.048 0.045 0.044 0.011 0.000 0.003 0.001 0.000
 103 24 2018    90.8   101.2     2.3    12.4       0.110 0.109 0.076 0.074 0.072 0.043 0.047 0.047 0.047 0.047 0.045 0.044 0.011 0.000 0.003 0.001 0.000
 104 24 2018    90.9   101.0     0.4     1.1       0.104 0.103 0.076 0.076 0.074 0.043 0.048 0.048 0.048 0.048 0.045 0.044 0.011 0.000 0.003 0.001 0.000
 105 24 2018     0.0   103.8     0.0     0.0       0.101 0.002 0.036 0.066 0.070 0.041 0.045 0.045 0.045 0.045 0.043 0.042 0.021 0.002 0.010 0.005 0.000
 106 24 2018    17.4   105.1     0.0     0.0       0.002 0.000 0.000 0.002 0.062 0.040 0.044 0.045 0.045 0.045 0.042 0.039 0.028 0.002 0.009 0.005 0.000
 107 24 2018    21.0   105.8     0.5     0.6       0.112 0.041 0.000 0.000 0.031 0.037 0.042 0.043 0.043 0.044 0.041 0.038 0.031 0.002 0.009 0.005 0.000
 108 24 2018    17.1   106.2     0.0     0.0       0.116 0.010 0.000 0.005 0.027 0.037 0.041 0.042 0.042 0.043 0.040 0.037 0.033 0.002 0.009 0.005 0.000
 109 24 2018    24.8   106.5     0.0     0.0       0.040 0.000 0.000 0.000 0.000 0.031 0.040 0.041 0.042 0.042 0.039 0.037 0.035 0.003 0.009 0.005 0.000
 110 24 2018    25.4   106.7     0.9     1.1       0.058 0.000 0.000 0.000 0.000 0.020 0.037 0.040 0.041 0.041 0.038 0.036 0.035 0.003 0.009 0.005 0.000
 111 24 2018    25.3   106.9     2.8     3.9       0.090 0.030 0.000 0.000 0.000 0.020 0.037 0.039 0.040 0.040 0.038 0.036 0.036 0.004 0.009 0.005 0.000
 112 24 2018    22.2   106.9     0.0     0.0       0.076 0.001 0.013 0.000 0.005 0.021 0.036 0.039 0.039 0.040 0.037 0.036 0.036 0.004 0.009 0.005 0.000
 113 24 2018    27.1   106.8     0.0     0.0       0.007 0.000 0.000 0.000 0.000 0.003 0.036 0.038 0.039 0.039 0.037 0.036 0.036 0.004 0.009 0.004 0.000
 114 24 2018    30.0   106.7     8.5    10.0       0.085 0.004 0.000 0.000 0.000 0.000 0.027 0.037 0.038 0.039 0.036 0.035 0.036 0.005 0.009 0.004 0.000
 115 24 2018    26.9   106.6     4.6     8.5       0.088 0.022 0.000 0.004 0.000 0.004 0.027 0.037 0.038 0.038 0.036 0.035 0.036 0.005 0.009 0.004 0.000
 116 24 2018    22.4   106.4     2.7     5.2       0.101 0.044 0.000 0.000 0.001 0.003 0.028 0.037 0.038 0.038 0.036 0.035 0.036 0.005 0.009 0.004 0.000
 117 24 2018    22.3   106.2     0.0     0.0       0.089 0.027 0.007 0.000 0.003 0.003 0.030 0.035 0.037 0.038 0.036 0.035 0.036 0.005 0.009 0.004 0.000
 118 24 2018    31.0   105.9     0.0     0.0       0.000 0.000 0.000 0.000 0.000 0.000 0.014 0.034 0.037 0.038 0.036 0.035 0.036 0.005 0.009 0.004 0.000
 119 24 2018    39.7   105.6     0.0     0.0       0.000 0.000 0.000 0.000 0.000 0.000 0.000 0.000 0.035 0.037 0.035 0.035 0.036 0.005 0.009 0.003 0.000
 120 24 2018    44.8   105.2     0.0     0.0       0.000 0.000 0.000 0.000 0.000 0.000 0.000 0.000 0.000 0.032 0.035 0.035 0.036 0.006 0.009 0.003 0.000
 121 24 2018    50.9   104.8     0.0     0.0       0.000 0.000 0.000 0.000 0.000 0.000 0.000 0.000 0.000 0.000 0.033 0.034 0.036 0.006 0.009 0.003 0.000
 122 24 2018    52.4   104.4    10.2    16.9       0.000 0.000 0.000 0.000 0.000 0.000 0.000 0.000 0.000 0.000 0.016 0.034 0.036 0.006 0.009 0.003 0.000
 123 24 2018    53.5   103.9    19.8    35.8       0.000 0.000 0.000 0.000 0.000 0.000 0.000 0.000 0.000 0.000 0.009 0.033 0.036 0.006 0.009 0.003 0.000
 124 24 2018    53.6   103.3    15.9    32.6       0.000 0.000 0.000 0.000 0.000 0.000 0.000 0.000 0.000 0.000 0.009 0.033 0.035 0.006 0.009 0.002 0.000
 125 24 2018    53.8   102.8     8.8    19.9       0.015 0.000 0.000 0.000 0.000 0.000 0.000 0.000 0.000 0.000 0.010 0.032 0.035 0.006 0.009 0.002 0.000
 126 24 2018    54.6   102.6     2.8     6.5       0.043 0.006 0.000 0.000 0.000 0.000 0.000 0.000 0.000 0.000 0.003 0.031 0.034 0.006 0.008 0.004 0.000
 127 24 2018    53.5   102.1     0.0     0.0       0.000 0.000 0.000 0.000 0.000 0.000 0.000 0.000 0.000 0.000 0.013 0.030 0.033 0.006 0.006 0.003 0.000
 128 24 2018    60.2   102.4     0.0     0.0       0.000 0.000 0.000 0.000 0.000 0.000 0.000 0.000 0.000 0.000 0.000 0.029 0.032 0.006 0.006 0.003 0.000
 129 24 2018    62.3   102.2     0.0     0.0       0.000 0.000 0.000 0.000 0.000 0.000 0.000 0.000 0.000 0.000 0.000 0.014 0.031 0.007 0.005 0.003 0.000
 130 24 2018    70.5   101.9     0.0     0.0       0.000 0.000 0.000 0.000 0.000 0.000 0.000 0.000 0.000 0.000 0.000 0.000 0.027 0.007 0.005 0.002 0.000
 131 24 2018    73.0   101.3     0.0     0.0       0.000 0.000 0.000 0.000 0.000 0.000 0.000 0.000 0.000 0.000 0.000 0.000 0.008 0.007 0.005 0.002 0.000
 132 24 2018    83.5   100.6     0.0     0.0       0.000 0.000 0.000 0.000 0.000 0.000 0.000 0.000 0.000 0.000 0.000 0.000 0.000 0.002 0.005 0.002 0.000
 133 24 2018    98.8    99.5     0.0     0.0       0.000 0.000 0.000 0.000 0.000 0.000 0.000 0.000 0.000 0.000 0.000 0.000 0.000 0.000 0.000 0.002 0.000
 134 24 2018    99.3    99.3     0.0     0.0       0.000 0.000 0.000 0.000 0.000 0.000 0.000 0.000 0.000 0.000 0.000 0.000 0.000 0.000 0.000 0.000 0.000

 138 24 2018     0.0     0.0     0.0     0.0       0.000 0.000 0.000 0.000 0.000 0.000 0.000 0.000 0.000 0.000 0.000 0.000 0.000 0.000 0.000 0.000 0.000
 139 24 2018     0.0     0.0     2.6     4.1       0.000 0.000 0.000 0.000 0.000 0.000 0.000 0.000 0.000 0.000 0.000 0.000 0.000 0.000 0.000 0.000 0.000
 140 24 2018     0.0     0.0     0.0     0.0       0.000 0.000 0.000 0.000 0.000 0.000 0.000 0.000 0.000 0.000 0.000 0.000 0.000 0.000 0.000 0.000 0.000

 280 24 2018     0.0     0.0     0.0     0.0       0.000 0.000 0.000 0.000 0.000 0.000 0.000 0.000 0.000 0.000 0.000 0.000 0.000 0.000 0.000 0.000 0.000
 281 24 2018     0.0     0.0     2.0     2.7       0.000 0.000 0.000 0.000 0.000 0.000 0.000 0.000 0.000 0.000 0.000 0.000 0.000 0.000 0.000 0.000 0.000
 282 24 2018     0.0     0.0     4.4     5.9       0.000 0.000 0.000 0.000 0.000 0.000 0.000 0.000 0.000 0.000 0.000 0.000 0.000 0.000 0.000 0.000 0.000
 283 24 2018     0.0     0.0    10.1    12.9       0.000 0.000 0.000 0.000 0.000 0.000 0.000 0.000 0.000 0.000 0.000 0.000 0.000 0.000 0.000 0.000 0.000
 284 24 2018     0.0     0.0     5.4    10.7       0.000 0.000 0.000 0.000 0.000 0.000 0.000 0.000 0.000 0.000 0.000 0.000 0.000 0.000 0.000 0.000 0.000
 285 24 2018     0.0     0.8     4.0     8.5       0.028 0.000 0.000 0.000 0.000 0.000 0.000 0.000 0.000 0.000 0.000 0.000 0.000 0.000 0.000 0.000 0.000
 286 24 2018     0.0     1.3     3.8     6.7       0.061 0.000 0.000 0.000 0.000 0.000 0.000 0.000 0.000 0.000 0.000 0.000 0.000 0.000 0.000 0.000 0.000
 287 24 2018     0.0     0.3     6.2    12.4       0.012 0.000 0.000 0.000 0.000 0.000 0.000 0.000 0.000 0.000 0.000 0.000 0.000 0.000 0.000 0.000 0.000
 288 24 2018     0.0     0.0     5.7    12.3       0.000 0.000 0.000 0.000 0.000 0.000 0.000 0.000 0.000 0.000 0.000 0.000 0.000 0.000 0.000 0.000 0.000
 289 24 2018     0.0     1.1     4.3     9.8       0.062 0.000 0.000 0.000 0.000 0.000 0.000 0.000 0.000 0.000 0.000 0.000 0.000 0.000 0.000 0.000 0.000
 290 24 2018     0.0     1.1     2.5     6.1       0.073 0.000 0.000 0.000 0.000 0.000 0.000 0.000 0.000 0.000 0.000 0.000 0.000 0.000 0.000 0.000 0.000
 291 24 2018     0.0     0.3     0.9     2.4       0.014 0.000 0.000 0.000 0.000 0.000 0.000 0.000 0.000 0.000 0.000 0.000 0.000 0.000 0.000 0.000 0.000
 292 24 2018     0.0     0.0     0.0     0.0       0.000 0.000 0.000 0.000 0.000 0.000 0.000 0.000 0.000 0.000 0.000 0.000 0.000 0.000 0.000 0.000 0.000

 292 24 2018     0.0     0.0     0.0     0.0       0.000 0.000 0.000 0.000 0.000 0.000 0.000 0.000 0.000 0.000 0.000 0.000 0.000 0.000 0.000 0.000 0.000
 293 24 2018     0.0     1.0     0.0     0.0       0.049 0.000 0.000 0.000 0.000 0.000 0.000 0.000 0.000 0.000 0.000 0.000 0.000 0.000 0.000 0.000 0.000
 294 24 2018     0.0     0.6     0.0     0.0       0.023 0.000 0.000 0.000 0.000 0.000 0.000 0.000 0.000 0.000 0.000 0.000 0.000 0.000 0.000 0.000 0.000
 295 24 2018     0.0     0.0     0.0     0.0       0.000 0.000 0.000 0.000 0.000 0.000 0.000 0.000 0.000 0.000 0.000 0.000 0.000 0.000 0.000 0.000 0.000

 302 24 2018     0.0     0.0     0.0     0.0       0.000 0.000 0.000 0.000 0.000 0.000 0.000 0.000 0.000 0.000 0.000 0.000 0.000 0.000 0.000 0.000 0.000
 303 24 2018     0.0     0.0     6.8     7.8       0.000 0.000 0.000 0.000 0.000 0.000 0.000 0.000 0.000 0.000 0.000 0.000 0.000 0.000 0.000 0.000 0.000
 304 24 2018     0.0     0.0     5.7     9.0       0.000 0.000 0.000 0.000 0.000 0.000 0.000 0.000 0.000 0.000 0.000 0.000 0.000 0.000 0.000 0.000 0.000
 305 24 2018     0.0     0.0     4.4     9.1       0.000 0.000 0.000 0.000 0.000 0.000 0.000 0.000 0.000 0.000 0.000 0.000 0.000 0.000 0.000 0.000 0.000
 306 24 2018     0.0     0.0     1.0     2.1       0.000 0.000 0.000 0.000 0.000 0.000 0.000 0.000 0.000 0.000 0.000 0.000 0.000 0.000 0.000 0.000 0.000
 307 24 2018     0.0     0.0     0.0     0.0       0.000 0.000 0.000 0.000 0.000 0.000 0.000 0.000 0.000 0.000 0.000 0.000 0.000 0.000 0.000 0.000 0.000

 307 24 2018     0.0     0.0     0.0     0.0       0.000 0.000 0.000 0.000 0.000 0.000 0.000 0.000 0.000 0.000 0.000 0.000 0.000 0.000 0.000 0.000 0.000
 308 24 2018     0.0     0.1     0.0     0.0       0.006 0.000 0.000 0.000 0.000 0.000 0.000 0.000 0.000 0.000 0.000 0.000 0.000 0.000 0.000 0.000 0.000
 309 24 2018     0.0     0.4     0.0     0.0       0.020 0.000 0.000 0.000 0.000 0.000 0.000 0.000 0.000 0.000 0.000 0.000 0.000 0.000 0.000 0.000 0.000
 310 24 2018     0.0     2.6     0.0     0.0       0.101 0.003 0.000 0.000 0.000 0.000 0.000 0.000 0.000 0.000 0.000 0.000 0.000 0.000 0.000 0.000 0.000
 311 24 2018     0.0     7.6     0.6     0.6       0.101 0.097 0.001 0.000 0.000 0.000 0.000 0.000 0.000 0.000 0.000 0.000 0.000 0.000 0.000 0.000 0.000
 312 24 2018     0.0    10.3     0.7     0.9       0.108 0.110 0.068 0.000 0.000 0.000 0.000 0.000 0.000 0.000 0.000 0.000 0.000 0.000 0.000 0.000 0.000
 313 24 2018     0.0    14.7     0.7     1.1       0.093 0.115 0.081 0.038 0.000 0.000 0.000 0.000 0.000 0.000 0.000 0.000 0.000 0.000 0.000 0.000 0.000
 314 24 2018     0.0    15.4     0.9     1.4       0.043 0.113 0.081 0.060 0.000 0.000 0.000 0.000 0.000 0.000 0.000 0.000 0.000 0.000 0.000 0.000 0.000
 315 24 2018     0.0    15.7     7.5     8.0       0.037 0.111 0.081 0.074 0.000 0.000 0.000 0.000 0.000 0.000 0.000 0.000 0.000 0.000 0.000 0.000 0.000
 316 24 2018     0.0    15.8     6.8     8.6       0.037 0.111 0.081 0.079 0.000 0.000 0.000 0.000 0.000 0.000 0.000 0.000 0.000 0.000 0.000 0.000 0.000
 317 24 2018     0.0    17.8     5.6     8.6       0.037 0.110 0.080 0.079 0.003 0.000 0.000 0.000 0.000 0.000 0.000 0.000 0.000 0.000 0.000 0.000 0.000
 318 24 2018     0.0    17.9     4.5     8.5       0.011 0.109 0.079 0.078 0.003 0.000 0.000 0.000 0.000 0.000 0.000 0.000 0.000 0.000 0.000 0.000 0.000
 319 24 2018     0.0    17.8     3.4     6.9       0.029 0.110 0.080 0.078 0.003 0.000 0.000 0.000 0.000 0.000 0.000 0.000 0.000 0.000 0.000 0.000 0.000
 320 24 2018     0.0    18.4     3.5     7.1       0.026 0.112 0.083 0.082 0.009 0.000 0.000 0.000 0.000 0.000 0.000 0.000 0.000 0.000 0.000 0.000 0.000
 321 24 2018     0.0    27.7     6.7    10.2       0.026 0.112 0.084 0.083 0.014 0.000 0.001 0.000 0.000 0.000 0.000 0.000 0.000 0.000 0.000 0.000 0.000
 322 24 2018    28.1    28.3     6.0    10.3       0.023 0.112 0.083 0.083 0.016 0.000 0.003 0.000 0.000 0.000 0.000 0.000 0.000 0.000 0.000 0.000 0.000
 323 24 2018    31.2    32.5     5.6    10.3       0.023 0.114 0.085 0.084 0.019 0.000 0.005 0.000 0.000 0.000 0.000 0.000 0.000 0.000 0.000 0.000 0.000
 324 24 2018    30.9    32.9     5.1    10.3       0.009 0.114 0.084 0.084 0.019 0.000 0.007 0.002 0.000 0.000 0.000 0.000 0.000 0.000 0.000 0.000 0.000
 325 24 2018    30.7    33.3     4.5    10.2       0.005 0.112 0.083 0.083 0.020 0.000 0.008 0.003 0.000 0.000 0.000 0.000 0.000 0.000 0.000 0.000 0.000
 326 24 2018    30.8    33.5     3.5     9.1       0.006 0.107 0.081 0.081 0.018 0.000 0.008 0.004 0.000 0.000 0.000 0.000 0.000 0.000 0.000 0.000 0.000
 327 24 2018    31.0    33.2     2.2     6.2       0.058 0.092 0.073 0.074 0.019 0.000 0.007 0.003 0.000 0.000 0.000 0.000 0.000 0.000 0.000 0.000 0.000
 328 24 2018     0.0    28.3     4.6     9.1       0.103 0.096 0.070 0.068 0.028 0.003 0.004 0.000 0.000 0.000 0.000 0.000 0.000 0.000 0.000 0.000 0.000
 329 24 2018     0.0    19.6     5.0     9.6       0.110 0.107 0.077 0.073 0.038 0.000 0.000 0.000 0.000 0.000 0.000 0.000 0.000 0.000 0.000 0.000 0.000
 330 24 2018     0.0    22.5     4.9     9.7       0.111 0.114 0.084 0.082 0.056 0.000 0.000 0.000 0.000 0.000 0.000 0.000 0.000 0.000 0.000 0.000 0.000
 331 24 2018     0.0    28.3     4.9     9.8       0.108 0.115 0.085 0.084 0.064 0.002 0.003 0.000 0.000 0.000 0.000 0.000 0.000 0.000 0.000 0.000 0.000
 332 24 2018     0.0    32.9     5.9    11.8       0.099 0.110 0.079 0.083 0.067 0.001 0.005 0.001 0.000 0.000 0.000 0.000 0.000 0.000 0.000 0.000 0.000
 333 24 2018     0.0    32.8     5.8    11.8       0.098 0.111 0.078 0.081 0.067 0.002 0.005 0.001 0.000 0.000 0.000 0.000 0.000 0.000 0.000 0.000 0.000
 334 24 2018     0.0    32.7     6.2    12.3       0.095 0.111 0.079 0.082 0.069 0.004 0.006 0.001 0.000 0.000 0.000 0.000 0.000 0.000 0.000 0.000 0.000
 335 24 2018     0.0    32.6     6.1    12.4       0.099 0.114 0.081 0.083 0.069 0.006 0.007 0.000 0.000 0.000 0.000 0.000 0.000 0.000 0.000 0.000 0.000
 336 24 2018     0.0    32.9     6.0    12.4       0.100 0.115 0.083 0.085 0.071 0.008 0.008 0.001 0.000 0.000 0.000 0.000 0.000 0.000 0.000 0.000 0.000
 337 24 2018     0.0    37.6     6.4    13.0       0.099 0.115 0.084 0.085 0.071 0.010 0.009 0.003 0.000 0.000 0.000 0.000 0.000 0.000 0.000 0.000 0.000
 338 24 2018     0.0    37.9     6.3    13.1       0.102 0.118 0.087 0.087 0.073 0.011 0.010 0.004 0.001 0.000 0.000 0.000 0.000 0.000 0.000 0.000 0.000
 339 24 2018     0.0    42.7     7.3    14.1       0.100 0.117 0.080 0.087 0.073 0.012 0.011 0.005 0.003 0.001 0.000 0.000 0.000 0.000 0.000 0.000 0.000
 340 24 2018     0.0    43.0     6.6    14.5       0.098 0.113 0.077 0.084 0.071 0.014 0.010 0.005 0.004 0.002 0.000 0.000 0.000 0.000 0.000 0.000 0.000
 341 24 2018     0.0    43.0     6.4    14.5       0.098 0.114 0.078 0.085 0.071 0.016 0.010 0.005 0.004 0.002 0.000 0.000 0.000 0.000 0.000 0.000 0.000
 342 24 2018     0.0    42.9     6.4    14.4       0.098 0.114 0.079 0.085 0.071 0.018 0.010 0.005 0.004 0.002 0.000 0.000 0.000 0.000 0.000 0.000 0.000
 343 24 2018     0.0    42.9     6.3    14.4       0.100 0.116 0.080 0.086 0.071 0.020 0.011 0.006 0.004 0.001 0.000 0.000 0.000 0.000 0.000 0.000 0.000
 344 24 2018     0.0    43.0     6.2    14.4       0.098 0.114 0.080 0.085 0.071 0.022 0.011 0.006 0.005 0.002 0.000 0.000 0.000 0.000 0.000 0.000 0.000
 345 24 2018     0.0    43.0     6.2    14.4       0.100 0.116 0.081 0.086 0.072 0.024 0.011 0.006 0.006 0.002 0.000 0.000 0.000 0.000 0.000 0.000 0.000
 346 24 2018     0.0    43.2     7.2    15.4       0.100 0.116 0.075 0.086 0.072 0.026 0.012 0.007 0.006 0.002 0.000 0.000 0.000 0.000 0.000 0.000 0.000
 347 24 2018     0.0    47.5     7.1    15.4       0.099 0.116 0.076 0.087 0.073 0.026 0.012 0.007 0.007 0.003 0.000 0.000 0.000 0.000 0.000 0.000 0.000
 348 24 2018     0.0    47.7     6.7    15.4       0.096 0.115 0.075 0.086 0.072 0.026 0.012 0.008 0.007 0.004 0.000 0.000 0.000 0.000 0.000 0.000 0.000
 349 24 2018     0.0    47.8     6.6    15.3       0.091 0.112 0.074 0.085 0.071 0.026 0.012 0.007 0.007 0.004 0.001 0.000 0.000 0.000 0.000 0.000 0.000
 350 24 2018     0.0    47.9     6.0    15.3       0.079 0.113 0.074 0.084 0.070 0.025 0.012 0.007 0.007 0.004 0.001 0.000 0.000 0.000 0.000 0.000 0.000
 351 24 2018     0.0    47.9     5.6    15.2       0.063 0.111 0.074 0.084 0.070 0.025 0.012 0.007 0.007 0.004 0.001 0.000 0.000 0.000 0.000 0.000 0.000
 352 24 2018     0.0    47.8     5.7    15.4       0.061 0.113 0.075 0.085 0.070 0.025 0.012 0.007 0.007 0.004 0.001 0.000 0.000 0.000 0.000 0.000 0.000
 353 24 2018     0.0    47.8     8.5    17.9       0.061 0.114 0.076 0.086 0.070 0.025 0.012 0.008 0.007 0.005 0.001 0.000 0.000 0.000 0.000 0.000 0.000
 354 24 2018     0.0    47.9     8.0    17.9       0.060 0.114 0.077 0.086 0.071 0.025 0.013 0.008 0.008 0.005 0.001 0.000 0.000 0.000 0.000 0.000 0.000
 355 24 2018     0.0    48.0     7.7    18.0       0.059 0.114 0.077 0.086 0.070 0.025 0.013 0.008 0.008 0.005 0.001 0.000 0.000 0.000 0.000 0.000 0.000
 356 24 2018     0.0    48.1     9.5    19.5       0.060 0.116 0.078 0.087 0.071 0.025 0.013 0.008 0.008 0.006 0.001 0.000 0.000 0.000 0.000 0.000 0.000
 357 24 2018     0.0    48.3     9.0    19.6       0.059 0.116 0.079 0.088 0.072 0.026 0.013 0.009 0.009 0.006 0.002 0.000 0.000 0.000 0.000 0.000 0.000
 358 24 2018     0.0    55.0     9.7    20.6       0.058 0.116 0.079 0.088 0.072 0.026 0.013 0.009 0.009 0.006 0.002 0.000 0.000 0.000 0.000 0.000 0.000
 359 24 2018     0.0    55.2     9.3    20.7       0.055 0.117 0.079 0.088 0.072 0.026 0.014 0.009 0.009 0.007 0.003 0.000 0.000 0.000 0.000 0.000 0.000
 360 24 2018     0.0    55.4     9.5    21.2       0.053 0.117 0.075 0.088 0.072 0.026 0.014 0.009 0.009 0.007 0.003 0.001 0.000 0.000 0.000 0.000 0.000
 361 24 2018     0.0    55.6     9.3    21.3       0.053 0.119 0.076 0.089 0.073 0.026 0.014 0.009 0.010 0.007 0.003 0.001 0.000 0.000 0.000 0.000 0.000
 362 24 2018     0.0    55.8    10.0    21.8       0.052 0.119 0.077 0.090 0.073 0.026 0.014 0.010 0.010 0.008 0.004 0.001 0.000 0.000 0.000 0.000 0.000
 363 24 2018     0.0    56.1     9.6    21.9       0.050 0.119 0.077 0.090 0.073 0.026 0.015 0.010 0.010 0.008 0.004 0.002 0.000 0.000 0.000 0.000 0.000
 364 24 2018     0.0    65.1     9.5    21.9       0.050 0.118 0.074 0.090 0.073 0.026 0.015 0.010 0.010 0.008 0.004 0.002 0.000 0.000 0.000 0.000 0.000
