
                                       SUMMARY OF WATER BALANCE

                                                              CHANGE IN STORAGE
                               PRECIP          PLANT   ------------------------------  DEEP                     CUM.
 DAY HR  YR   PRECIP  SNOWMELT INTRCP    ET    TRANSP  CANOPY   SNOW  RESIDUE   SOIL   PERC   RUNOFF   PONDED    ET    ERROR
                 MM      MM      MM      MM      MM      MM      MM      MM      MM      MM      MM      MM      MM      MM
   1 24 2018    0.00    0.00    0.00    1.73    1.22    0.00    0.00    0.00  -12.11   10.19    0.00    0.00     1.7    0.19
   2 24 2018    0.00    0.00    0.00    1.26    0.85   -0.01    0.00    0.00   -2.00    0.76    0.00    0.00     3.0   -0.02
   3 24 2018    0.00    0.00    0.00    0.49    0.40    0.00    0.00    0.00   -0.77    0.26    0.00    0.00     3.5    0.02
   4 24 2018    0.00    0.00    0.00    0.50    0.32    0.00    0.00    0.00   -0.98    0.10    0.00    0.00     4.0    0.39
   5 24 2018    0.04    0.02    0.02    0.61    0.46    0.00    0.00    0.00   -0.65    0.07    0.00    0.02     4.6   -0.03
   6 24 2018    1.04    2.52    0.05    1.14    0.50    0.01    0.00    0.00   -0.44    0.06    0.00    0.22     5.7    0.05
   7 24 2018    1.92    2.26    0.00    1.15    0.13   -0.01    1.39    0.00   -0.55    0.04    0.00    0.00     6.9    0.15
   8 24 2018    0.00    0.15    0.00    0.34    0.33    0.00   -0.13    0.00   -0.23    0.02    0.00    0.00     7.2    0.00
   9 24 2018    0.13    0.71    0.06    0.66    0.62    0.00   -0.60    0.00    0.02    0.01    0.00    0.00     7.9   -0.04
  10 24 2018    2.96    0.06    0.20    1.37    0.11    0.00    1.56    0.00   -0.13    0.01    0.00    0.00     9.2    0.02
  11 24 2018    2.08    0.00    0.08    1.19    0.00    0.00    1.23    0.00   -0.23    0.00    0.00    0.00    10.4    0.00
  12 24 2018    3.88    0.00    0.02    1.89    0.00    0.00    2.15    0.00   -0.20    0.00    0.00    0.00    12.3    0.10
  13 24 2018    0.96    0.00    0.00    0.48    0.00    0.00    0.58    0.00   -0.28    0.00    0.00    0.00    12.8    0.19
  14 24 2018    0.04    0.00    0.02    0.07    0.01   -0.01    0.09    0.00   -0.08    0.00    0.00    0.00    12.9   -0.05
  15 24 2018    0.96    0.00    0.00    0.49    0.00    0.00    0.63    0.00   -0.14    0.00    0.00    0.00    13.4    0.00
  16 24 2018    0.00    0.00    0.00    0.02    0.00   -0.01    0.05    0.00   -0.25    0.00    0.00    0.00    13.4    0.19
  17 24 2018    0.00    0.00    0.00    0.01    0.01    0.01   -0.03    0.00   -0.50    0.00    0.00    0.00    13.4    0.51
  18 24 2018    0.00    0.09    0.00    0.11    0.08    0.00   -0.20    0.00    0.10    0.00    0.00    0.00    13.5   -0.01
  19 24 2018    0.00    0.80    0.00    0.76    0.75    0.00   -0.81    0.00    0.05    0.00    0.00    0.00    14.3    0.00
  20 24 2018    0.58    0.26    0.27    0.27    0.26    0.01    0.08    0.00   -0.04    0.00    0.00    0.00    14.5    0.00
  21 24 2018   13.42    0.00    2.81    0.81    0.00    0.00   10.15    0.00   -0.09    0.00    0.00    0.00    15.3    0.00
  22 24 2018    0.04    0.00    0.02    2.83    0.00    0.00    0.04    0.00   -0.03    0.00    0.00    0.00    18.2    0.00
  23 24 2018    0.96    0.00    0.00    0.50    0.00   -0.01    0.54    0.00   -0.05    0.00    0.00    0.00    18.7   -0.01
  24 24 2018    0.00    0.00    0.00    0.02    0.01    0.00    0.01    0.00   -0.05    0.00    0.00    0.00    18.7    0.02
  25 24 2018    0.08    0.00    0.04    0.04    0.03    0.01    0.03    0.00   -0.03    0.00    0.00    0.00    18.7    0.00
  26 24 2018    1.92    0.00    0.00    0.98    0.00   -0.01    1.06    0.00   -0.13    0.00    0.00    0.00    19.7    0.05
  27 24 2018    0.00    0.00    0.00    0.00    0.00    0.00    0.06    0.00   -0.06    0.00    0.00    0.00    19.7    0.00
  28 24 2018    0.00    0.00    0.00   -0.07    0.00    0.01    0.01    0.00   -0.04    0.00    0.00    0.00    19.6    0.10
  29 24 2018    0.00    0.00    0.00    0.04    0.02   -0.01   -0.02    0.00    0.00    0.00    0.00    0.00    19.7   -0.01
  30 24 2018    0.08    0.00    0.04    0.07    0.03    0.00   -0.02    0.00    0.01    0.00    0.00    0.00    19.8   -0.01
  31 24 2018    2.33    0.00    0.19    1.00    0.02    0.01    1.15    0.00    0.04    0.00    0.00    0.00    20.7   -0.01
  32 24 2018    9.58    0.00    1.37    3.29    0.00    0.00    5.15    0.00   -0.03    0.00    0.00    0.00    24.0    0.00
  33 24 2018    0.13    0.00    0.06    1.45    0.01    0.00    0.07    0.00   -0.02    0.00    0.00    0.00    25.5   -0.07
  34 24 2018    3.04    0.00    0.08    1.52    0.01    0.00    1.57    0.00   -0.11    0.00    0.00    0.00    27.0    0.05
  35 24 2018    4.25    0.00    0.19    1.87    0.01    0.01    2.25    0.00   -0.15    0.00    0.00    0.00    28.9    0.16
  36 24 2018    9.58    0.00    2.29    2.36    0.00   -0.01    5.16    0.00   -0.01    0.00    0.00    0.00    31.2   -0.01
  37 24 2018    0.00    0.00    0.00    2.34    0.00   -0.01    0.00    0.00   -0.03    0.00    0.00    0.00    33.6   -0.01
  38 24 2018    0.00    0.00    0.00    0.06    0.01    0.01   -0.04    0.00   -0.04    0.00    0.00    0.00    33.6    0.02
  39 24 2018    0.29    0.00    0.13    0.07    0.02    0.00    0.15    0.00   -0.02    0.00    0.00    0.00    33.7   -0.04
  40 24 2018    7.25    0.00    1.07    2.43    0.01    0.00    3.85    0.00   -0.02    0.00    0.00    0.00    36.1    0.06
  41 24 2018   12.50    0.00    2.78    0.99    0.00    0.00    9.84    0.00   -0.03    0.00    0.00    0.00    37.1   -0.01
  42 24 2018    1.04    0.00    0.19    3.05    0.00    0.00    0.61    0.00   -0.03    0.00    0.00    0.00    40.2    0.00
  43 24 2018    1.92    0.00    0.24    0.83    0.00    0.01    1.07    0.00   -0.20    0.00    0.00    0.00    41.0    0.18
  44 24 2018    0.00    0.00    0.00    0.29    0.02    0.00   -0.01    0.00   -0.06    0.00    0.00    0.00    41.3    0.03
  45 24 2018    0.00    0.00    0.00    0.02    0.04    0.00   -0.01    0.00   -0.04    0.00    0.00    0.00    41.3    0.04
  46 24 2018    0.00    0.00    0.00    0.13    0.01    0.00   -0.06    0.00   -0.03    0.00    0.00    0.00    41.4   -0.03
  47 24 2018    0.00    0.00    0.00    0.08    0.02    0.00   -0.02    0.00   -0.05    0.00    0.00    0.00    41.5    0.00
  48 24 2018    0.00    0.00    0.00    0.08    0.01    0.00   -0.05    0.00   -0.04    0.00    0.00    0.00    41.6    0.01
  49 24 2018    0.00    0.00    0.00    0.04    0.03    0.01   -0.02    0.00   -0.07    0.00    0.00    0.00    41.6    0.05
  50 24 2018    0.00    0.00    0.00    0.10    0.02   -0.01   -0.05    0.00   -0.03    0.00    0.00    0.00    41.8   -0.01
  51 24 2018    0.00    0.00    0.00    0.06    0.00    0.00    0.00    0.00   -0.05    0.00    0.00    0.00    41.8    0.00
  52 24 2018    0.00    0.00    0.00    0.05    0.00    0.00    0.00    0.00   -0.04    0.00    0.00    0.00    41.9   -0.01
  53 24 2018    0.25    0.00    0.12    0.07    0.00    0.00    0.09    0.00   -0.03    0.00    0.00    0.00    41.9    0.00
  54 24 2018    5.79    0.00    1.07    1.76    0.00    0.00    3.13    0.00   -0.06    0.00    0.00    0.00    43.7    0.01
  55 24 2018    1.00    0.00    0.02    1.53    0.00    0.00    0.55    0.00   -0.03    0.00    0.00    0.00    45.2    0.00
  56 24 2018    0.96    0.00    0.00    0.51    0.00    0.00    0.50    0.00   -0.02    0.00    0.00    0.00    45.7    0.00
  57 24 2018    0.00    0.00    0.00    0.04    0.00    0.00   -0.01    0.00   -0.02    0.00    0.00    0.00    45.8   -0.01
  58 24 2018    0.04    0.00    0.02    0.01    0.01    0.00    0.02    0.00   -0.01   -0.01    0.00    0.00    45.8    0.00
  59 24 2018    0.96    0.00    0.09    0.37    0.00    0.01    0.53    0.00   -0.41   -0.01    0.00    0.00    46.1    0.41
  60 24 2018    0.00    0.00    0.00    0.10    0.01    0.00   -0.03    0.00    0.01   -0.01    0.00    0.00    46.2    0.00
  61 24 2018    0.00    0.00    0.00    0.10    0.03    0.00   -0.07    0.00    0.03   -0.01    0.00    0.00    46.3   -0.05
  62 24 2018    0.00    0.07    0.00    0.13    0.11    0.00   -0.15    0.00    0.03   -0.01    0.00    0.00    46.5   -0.01
  63 24 2018    0.00    1.06    0.00    0.58    0.47    0.00   -1.19    0.00    0.63   -0.01    0.00    0.00    47.1   -0.01
  64 24 2018    0.08    0.00    0.04    0.14    0.00    0.00   -0.04    0.00   -0.05   -0.01    0.00    0.00    47.2    0.00
  65 24 2018    1.92    0.00    0.00    1.04    0.00    0.00    0.97    0.00   -0.58   -0.01    0.00    0.00    48.2    0.54
  66 24 2018    0.00    0.00    0.00    0.05    0.00    0.00   -0.03    0.00   -0.02   -0.01    0.00    0.00    48.3    0.00
  67 24 2018    0.17    0.00    0.08    0.01    0.02    0.01    0.06    0.00   -0.27   -0.01    0.00    0.00    48.3    0.29
  68 24 2018    3.88    0.00    0.24    1.68    0.02    0.01    2.02    0.00   -0.16   -0.01    0.00    0.00    50.0    0.17
  69 24 2018    0.96    0.00    0.00    0.70    0.00   -0.01    0.52    0.00   -0.17   -0.01    0.00    0.00    50.7    0.17
  70 24 2018    0.00    0.00    0.00    0.01    0.01    0.00    0.01    0.00   -0.02   -0.01    0.00    0.00    50.7    0.00
  71 24 2018    0.00    0.00    0.00    0.03    0.02    0.00   -0.02    0.00    0.00   -0.01    0.00    0.00    50.7    0.00
  72 24 2018    0.00    0.00    0.00    0.06    0.03    0.00   -0.04    0.00   -0.11   -0.01    0.00    0.00    50.8    0.10
  73 24 2018    0.08    9.31    0.04    1.25    1.24    0.00   -9.28    0.00    8.08   -0.01    0.00    0.00    52.0   -0.01
  74 24 2018    1.92    3.15    0.00    2.03    1.04    0.00   -2.17    0.00    0.38   -0.01    0.00    1.72    54.1    0.01
  75 24 2018    0.00    0.35    0.00    1.45    1.08   -0.01   -0.67    0.00   -0.07   -0.01    0.00    1.03    55.5   -0.03
  76 24 2018    0.21    6.15    0.10    1.16    1.11    0.00   -6.06    0.00   -0.07   -0.01    0.00    6.14    56.7   -0.02
  77 24 2018    4.79    0.62    0.55    2.10    0.30    0.00    1.90    0.00    0.01    0.00    0.00    6.47    58.8    0.01
  78 24 2018    0.04    0.00    0.02    0.77    0.11    0.00   -0.05    0.00   -0.12    0.00    0.00    6.46    59.5   -0.01
  79 24 2018    0.96    0.00    0.00    0.62    0.01    0.00    0.37    0.00   -0.01    0.00    0.00    6.45    60.2    0.01
  80 24 2018    0.04    0.07    0.02    0.73    0.72    0.01   -0.06    0.00   -0.05    0.00    0.00    5.86    60.9   -0.01
  81 24 2018    1.21    0.34    0.12    1.70    1.25    0.01    0.27    0.00    0.12    0.00    0.00    4.77    62.6    0.10
  82 24 2018    5.75    4.49    0.16    3.60    0.91    0.00   -1.49    0.00    0.17    0.00    0.00    8.20    66.2    0.01
  83 24 2018    0.04    4.17    0.02    1.91    1.68   -0.01   -4.18    0.00    0.01    0.00    0.00   10.70    68.1   -0.03
  84 24 2018    1.38    9.22    0.30    2.38    1.95    0.01   -8.54    0.00    0.11    0.00    0.00   17.79    70.5    0.05
  85 24 2018    9.67    9.52    1.83    3.11    0.10   -0.01   -4.37    0.00    0.02    0.00    7.17   19.99    73.6    0.02
  86 24 2018    2.21    0.00    0.14    2.77    0.00   -0.01    1.17    0.00    0.00    0.00    0.00   19.97    76.3   -0.01
  87 24 2018    6.79    0.00    1.05    2.30    0.03    0.01    3.60    0.00   -0.27    0.00    0.00   19.96    78.6    0.27
  88 24 2018    1.92    0.00    0.00    1.95    0.01    0.00    1.03    0.00   -0.03    0.00    0.00   19.95    80.6    0.03
  89 24 2018    0.00    0.00    0.00    0.41    0.39    0.00   -0.02    0.00   -0.37    0.00    0.00   19.94    81.0   -0.01
  90 24 2018    0.29    0.87    0.14    1.48    1.45    0.00   -0.74    0.00    0.33    0.00    0.00   19.05    82.5   -0.03
  91 24 2018    6.83    1.13    0.06    5.06    1.75   -0.01    2.47    0.00    0.23    0.00    0.00   18.22    87.5    0.00
  92 24 2018    2.88    9.28    0.00    5.18    3.73    0.00   -7.80    0.00    0.24    0.00    3.73   19.78    92.7    0.02
  93 24 2018    0.00    1.05    0.00    2.11    1.31   -0.01   -1.73    0.00   -0.31    0.00    0.79   18.97    94.8   -0.02
  94 24 2018    0.00    6.68    0.00    2.67    2.57    0.01   -6.75    0.00    0.14    0.00    3.22   19.67    97.5    0.00
  95 24 2018    0.67    4.86    0.31    1.75    1.72    0.01   -4.51    0.00    0.15    0.00    2.73   19.90    99.3    0.01
  96 24 2018   15.58    0.00    2.95    0.47    0.00    0.00   12.56    0.00   -0.07    0.00    0.00   19.89    99.7    0.00
  97 24 2018    6.21    0.86    2.53    2.18    0.00    0.01    3.50    0.00    0.10    0.00    0.73   20.00   101.9    0.00
  98 24 2018   10.67    0.25    2.67    3.73    0.00   -0.02    6.55    0.00    0.05    0.00    0.24   19.99   105.6   -0.01
  99 24 2018    2.88    0.76    0.00    3.98    0.00    0.00    0.79    0.00    0.03    0.00    0.74   19.99   109.6    0.01
 100 24 2018    0.00    2.28    0.00    2.44    2.41    0.00   -2.31    0.00    0.01    0.00    0.52   19.36   112.1   -0.02
 101 24 2018    0.04    6.34    0.02    4.32    4.27    0.00   -6.35    0.00    0.11    0.00    1.50   19.85   116.4   -0.04
 102 24 2018    0.96    8.89    0.00    5.07    4.49    0.01   -8.42    0.00    0.09    0.00    4.25   19.85   121.4   -0.01
 103 24 2018    0.04    1.00    0.02    0.94    0.19   -0.01   -1.58    0.00   -0.23    0.00    0.81   19.96   122.4   -0.01
 104 24 2018    1.00   11.86    0.03    2.40    1.73    0.01  -11.29    0.00   -0.14    0.00   10.05   19.91   124.8    0.00
 105 24 2018    0.96    1.07    0.00    3.39    2.48    0.00   -1.08    0.00    9.22    8.49    0.55    0.11   128.2    0.22
 106 24 2018    0.13    0.00    0.06    3.90    3.06   -0.01    0.00    0.00   -4.65    0.99    0.00    0.00   132.1   -0.04
 107 24 2018    2.88    2.20    0.00    4.06    1.60    0.00    0.57    0.00   -2.07    0.42    0.00    0.00   136.1   -0.04
 108 24 2018    0.00    0.20    0.00    2.74    2.27    0.00   -0.57    0.00   -2.47    0.25    0.00    0.00   138.9    0.05
 109 24 2018    0.25    0.13    0.12    3.20    2.49    0.01    0.00    0.00   -3.39    0.17    0.00    0.13   142.1    0.01
 110 24 2018    5.96    4.15    1.61    1.34    0.00    0.00    1.12    0.00    2.01    0.13    0.00    0.00   143.4    0.01
 111 24 2018    4.79    0.00    1.61    2.24    0.00    0.01    2.75    0.00   -0.32    0.10    0.00    0.00   145.7    0.01
 112 24 2018    0.04    3.61    0.02    3.40    1.74    0.00   -3.88    0.00    2.11    0.08    0.00    0.02   149.1   -0.11
 113 24 2018    1.50    0.95    0.33    4.55    3.36    0.00    0.00    0.00   -3.77    0.07    0.00    0.31   153.6    0.06
 114 24 2018   12.46    0.04    2.94    0.35    0.00   -0.01   10.04    0.00   -0.29    0.06    0.00    0.00   154.0    0.00
 115 24 2018    0.00    1.64    0.00    3.85    0.89    0.00   -1.55    0.00    0.62    0.06    0.00    0.00   157.8   -0.03
 116 24 2018    0.00    3.38    0.00    1.66    1.64    0.00   -3.27    0.00    1.61    0.05    0.00    0.00   159.5   -0.05
 117 24 2018    0.00    4.67    0.00    2.84    2.81    0.01   -5.22    0.00    2.31    0.05    0.00    0.00   162.3    0.02
 118 24 2018    0.00    0.00    0.00    3.51    2.97    0.01    0.00    0.00   -3.55    0.05    0.00    0.00   165.8   -0.01
 119 24 2018    0.00    0.00    0.00    4.66    3.66   -0.01    0.00    0.00   -4.72    0.05    0.00    0.00   170.5    0.02
 120 24 2018    0.08    0.04    0.04    4.41    3.42    0.01    0.00    0.00   -4.44    0.05    0.00    0.00   174.9    0.02
 121 24 2018    2.75    1.22    0.61    2.00    0.83    0.00    0.00    0.00   -0.21    0.05    0.00    0.34   176.9    0.00
 122 24 2018   20.21    1.28    2.96    0.16    0.00    0.00   16.90    0.00    1.10    0.05    0.00    0.00   177.1    0.00
 123 24 2018   23.96    4.83    2.90    0.30    0.00    0.00   18.93    0.00    4.74    0.05    0.00    0.00   177.4    0.00
 124 24 2018    0.00    3.23    0.00    3.40    0.48    0.00   -3.22    0.00    2.69    0.05    0.00    0.00   180.7   -0.01
 125 24 2018    0.00   12.75    0.00    3.77    3.76    0.00  -12.73    0.00    8.44    0.05    0.00    0.00   184.5    0.46
 126 24 2018    0.00   13.48    0.00    3.11    3.10    0.00  -13.42    0.00    2.56    3.37    0.00    0.00   187.6    4.38
 127 24 2018    0.00    6.59    0.00    3.58    3.50    0.00   -6.47    0.00   -1.40    2.53    0.00    0.00   191.2    1.76
 128 24 2018    0.00    0.00    0.00    5.12    3.98    0.00    0.00    0.00   -5.94    0.85    0.00    0.00   196.3   -0.03
 129 24 2018    0.00    0.00    0.00    4.94    3.86    0.00    0.00    0.00   -5.35    0.42    0.00    0.00   201.3   -0.01
 130 24 2018    0.04    0.00    0.02    5.62    4.35    0.01    0.00    0.00   -5.91    0.28    0.00    0.00   206.9    0.01
 131 24 2018    1.04    0.04    0.13    3.19    2.12    0.00    0.00    0.00   -2.53    0.26    0.00    0.00   210.1    0.01
 132 24 2018    2.38    0.04    0.51    2.08    0.64    0.00    0.00    0.00   -0.35    0.26    0.00    0.00   212.2   -0.01
 133 24 2018   10.58    1.53    3.00    2.38    0.00   -0.01    0.00    0.00    5.34    0.38    0.00    0.00   214.5    0.00
 134 24 2018    0.96    0.17    1.64    2.18    0.00    0.00    0.00    0.00   -0.65    0.81    0.00    0.00   216.7   -0.02
 135 24 2018    0.00    0.00    0.00    3.52    1.17    0.00    0.00    0.00   -2.40    0.53    0.00    0.00   220.2   -0.01
 136 24 2018    0.00    0.00    0.00    4.85    3.72    0.00    0.00    0.00   -5.03    0.23    0.00    0.00   225.1   -0.05
 137 24 2018    0.04    0.00    0.02    5.47    4.11   -0.01    0.00    0.00   -5.47    0.07    0.00    0.00   230.6   -0.03
 138 24 2018    1.63    0.46    0.33    2.39    1.35    0.02    0.00    0.00   -1.15    0.02    0.00    0.00   233.0    0.04
 139 24 2018   15.42    3.58    2.99    0.71    0.00    0.00    4.13    0.00    7.90    0.01    0.00    0.00   233.7    0.00
 140 24 2018    1.92    5.22    1.90    1.75    0.00    0.00   -4.13    0.00    5.26    0.13    0.00    0.00   235.4    0.00
 141 24 2018    0.04    0.02    0.02    5.08    2.09    0.00    0.00    0.00   -3.45    0.37    0.00    0.00   240.5   -0.06
 142 24 2018    0.96    0.11    0.00    4.47    2.91    0.01    0.00    0.00   -3.64    0.14    0.00    0.00   245.0    0.00
 143 24 2018    0.00    0.00    0.00    3.24    2.42    0.00    0.00    0.00   -3.30    0.06    0.00    0.00   248.2    0.00
 144 24 2018    0.00    0.00    0.00    5.20    3.95   -0.01    0.00    0.00   -5.22    0.03    0.00    0.00   253.4    0.01
 145 24 2018    0.00    0.00    0.00    5.14    3.88    0.02    0.00    0.00   -5.20    0.01    0.00    0.00   258.5    0.02
 146 24 2018    0.00    0.00    0.00    2.61    1.53   -0.03    0.00    0.00   -2.56    0.01    0.00    0.00   261.1   -0.03
 147 24 2018    0.04    0.00    0.02    0.81    0.52    0.02    0.00    0.00   -0.83    0.01    0.00    0.00   262.0    0.01
 148 24 2018    0.96    0.00    0.01    1.02    0.07   -0.01    0.00    0.00   -0.09    0.00    0.00    0.00   263.0    0.04
 149 24 2018    0.00    0.00    0.00    0.88    0.29   -0.01    0.00    0.00   -0.87    0.00    0.00    0.00   263.9    0.00
 150 24 2018    0.00    0.00    0.00    0.60    0.26    0.00    0.00    0.00   -0.59    0.00    0.00    0.00   264.5    0.00
 151 24 2018    0.00    0.00    0.00    0.55    0.23   -0.01    0.00    0.00   -0.55    0.00    0.00    0.00   265.0    0.01
 152 24 2018    0.00    0.00    0.00    0.49    0.15    0.00    0.00    0.00   -0.47    0.00    0.00    0.00   265.5   -0.03
 153 24 2018    0.00    0.00    0.00    0.30    0.09    0.02    0.00    0.00   -0.33    0.00    0.00    0.00   265.8    0.01
 154 24 2018    0.00    0.00    0.00    0.24    0.05   -0.01    0.00    0.00   -0.24    0.00    0.00    0.00   266.0    0.00
 155 24 2018    0.00    0.00    0.00    0.35    0.07    0.00    0.00    0.00   -0.33    0.00    0.00    0.00   266.4   -0.02
 156 24 2018    0.00    0.00    0.00    0.26    0.03    0.00    0.00    0.00   -0.28    0.00    0.00    0.00   266.6    0.01
 157 24 2018    0.00    0.00    0.00    0.18    0.00    0.01    0.00    0.00   -0.21    0.00    0.00    0.00   266.8    0.02
 158 24 2018    0.00    0.00    0.00    0.26    0.00   -0.02    0.00    0.00   -0.25    0.00    0.00    0.00   267.1    0.00
 159 24 2018    0.00    0.00    0.00    0.19    0.00    0.01    0.00    0.00   -0.19    0.00    0.00    0.00   267.3   -0.01
 160 24 2018    0.00    0.00    0.00    0.21    0.01    0.00    0.00    0.00   -0.20    0.00    0.00    0.00   267.5   -0.01
 161 24 2018    0.00    0.00    0.00    0.18    0.01    0.01    0.00    0.00   -0.21    0.00    0.00    0.00   267.7    0.01
 162 24 2018    0.00    0.00    0.00    0.20    0.00   -0.01    0.00    0.00   -0.19    0.00    0.00    0.00   267.9   -0.01
 163 24 2018    0.00    0.00    0.00    0.07    0.00    0.02    0.00    0.00   -0.11    0.00    0.00    0.00   267.9    0.02
 164 24 2018    0.00    0.00    0.00    0.14    0.00   -0.01    0.00    0.00   -0.13    0.00    0.00    0.00   268.1    0.00
 165 24 2018    0.04    0.00    0.02    0.17    0.00   -0.01    0.00    0.00   -0.13    0.00    0.00    0.00   268.3   -0.01
 166 24 2018    1.04    0.00    0.04    0.87    0.00    0.04    0.00    0.00    0.11    0.00    0.00    0.00   269.1    0.00
 167 24 2018    3.08    0.00    0.66    1.54    0.00    0.00    0.00    0.00    0.90    0.00    0.00    0.00   270.7    0.02
 168 24 2018   26.83    0.00    2.99    1.01    0.00   -0.01    0.00    0.00   23.50    0.00    0.00    0.00   271.7    0.00
 169 24 2018    0.13    0.00    0.06    4.29    0.14    0.01    0.00    0.00   -1.22    0.01    0.00    0.00   276.0   -0.03
 170 24 2018    2.88    0.00    0.32    2.24    0.50    0.00    0.00    0.00    0.34    0.03    0.00    0.00   278.2    0.01
 171 24 2018    0.00    0.00    0.00    3.00    1.88    0.00    0.00    0.00   -2.73    0.05    0.00    0.00   281.2   -0.01
 172 24 2018    0.00    0.00    0.00    5.10    3.56    0.01    0.00    0.00   -5.14    0.04    0.00    0.00   286.3    0.00
 173 24 2018    0.00    0.00    0.00    6.27    4.48   -0.02    0.00    0.00   -6.28    0.02    0.00    0.00   292.6    0.01
 174 24 2018    0.17    0.00    0.08    2.64    1.69    0.00    0.00    0.00   -2.60    0.01    0.00    0.00   295.2    0.03
 175 24 2018    3.83    0.00    0.00    2.63    0.11    0.00    0.00    0.00    1.26    0.01    0.00    0.00   297.8    0.01
 176 24 2018    0.00    0.00    0.00    2.84    1.62   -0.01    0.00    0.00   -2.84    0.01    0.00    0.00   300.7    0.00
 177 24 2018    0.00    0.00    0.00    1.04    0.57   -0.01    0.00    0.00   -1.05    0.01    0.00    0.00   301.7    0.01
 178 24 2018    0.00    0.00    0.00    0.65    0.32    0.00    0.00    0.00   -0.67    0.01    0.00    0.00   302.4    0.00
 179 24 2018    0.00    0.00    0.00    0.57    0.21   -0.01    0.00    0.00   -0.55    0.01    0.00    0.00   302.9   -0.02
 180 24 2018    0.04    0.00    0.02    0.36    0.10    0.03    0.00    0.00   -0.38    0.01    0.00    0.00   303.3    0.01
 181 24 2018    0.96    0.00    0.00    0.89    0.00    0.00    0.00    0.00    0.05    0.00    0.00    0.00   304.2    0.03
 182 24 2018    0.00    0.00    0.00    0.49    0.08   -0.01    0.00    0.00   -0.47    0.00    0.00    0.00   304.7   -0.02
 183 24 2018    0.00    0.00    0.00    0.34    0.06   -0.01    0.00    0.00   -0.32    0.00    0.00    0.00   305.0   -0.01
 184 24 2018    0.00    0.00    0.00    0.22    0.02    0.00    0.00    0.00   -0.25    0.00    0.00    0.00   305.2    0.02
 185 24 2018    0.00    0.00    0.00    0.08    0.00    0.03    0.00    0.00   -0.14    0.00    0.00    0.00   305.3    0.03
 186 24 2018    0.00    0.00    0.00    0.10    0.00    0.00    0.00    0.00   -0.13    0.00    0.00    0.00   305.4    0.03
 187 24 2018    0.29    0.00    0.14    0.19    0.00   -0.01    0.00    0.00   -0.04    0.00    0.00    0.00   305.6    0.01
 188 24 2018    6.71    0.00    0.71    3.99    0.00    0.02    0.00    0.00    2.12    0.00    0.00    0.00   309.6    0.01
 189 24 2018    0.00    0.00    0.00    2.26    0.59    0.00    0.00    0.00   -1.58    0.00    0.00    0.00   311.9    0.02
 190 24 2018    0.00    0.00    0.00    0.49    0.12   -0.03    0.00    0.00   -0.47    0.00    0.00    0.00   312.3    0.01
 191 24 2018    0.00    0.00    0.00    0.34    0.07   -0.02    0.00    0.00   -0.38    0.00    0.00    0.00   312.7    0.05
 192 24 2018    0.08    0.00    0.04    0.21    0.02    0.02    0.00    0.00   -0.23    0.00    0.00    0.00   312.9    0.04
 193 24 2018    2.00    0.00    0.04    1.53    0.00    0.02    0.00    0.00    0.42    0.00    0.00    0.00   314.4    0.03
 194 24 2018    1.92    0.00    0.03    1.95    0.00   -0.01    0.00    0.00   -0.02    0.00    0.00    0.00   316.4    0.01
 195 24 2018    0.50    0.00    0.23    0.53    0.02    0.00    0.00    0.00   -0.27    0.00    0.00    0.00   316.9    0.03
 196 24 2018   11.58    0.00    3.00    1.50    0.00    0.00    0.00    0.00    7.28    0.00    0.00    0.00   318.4    0.03
 197 24 2018    1.92    0.00    0.11    5.25    0.44    0.01    0.00    0.00   -0.42    0.00    0.00    0.00   323.7   -0.02
 198 24 2018    0.00    0.00    0.00    4.02    2.52   -0.02    0.00    0.00   -3.87    0.00    0.00    0.00   327.7   -0.02
 199 24 2018    0.00    0.00    0.00    1.52    0.70    0.00    0.00    0.00   -1.53    0.00    0.00    0.00   329.2    0.00
 200 24 2018    0.00    0.00    0.00    0.74    0.32   -0.01    0.00    0.00   -0.75    0.00    0.00    0.00   329.9    0.01
 201 24 2018    0.04    0.00    0.02    0.40    0.13    0.00    0.00    0.00   -0.38    0.00    0.00    0.00   330.3    0.00
 202 24 2018    1.58    0.00    0.29    1.00    0.00    0.02    0.00    0.00    0.30    0.00    0.00    0.00   331.3   -0.01
 203 24 2018   14.88    0.00    2.81    5.50    0.40    0.02    0.00    0.00    6.79    0.00    0.00    0.00   336.8    0.05
 204 24 2018   11.50    0.00    3.00    2.43    0.00   -0.01    0.00    0.00    8.87    0.00    0.00    0.00   339.3    0.01
 205 24 2018    0.13    0.00    0.06    4.75    0.56    0.00    0.00    0.00   -1.66    0.00    0.00    0.00   344.0   -0.03
 206 24 2018    2.96    0.00    0.34    4.95    2.40    0.00    0.00    0.00   -2.30    0.00    0.00    0.00   349.0    0.02
 207 24 2018    1.96    0.00    0.13    4.21    1.96    0.00    0.00    0.00   -2.05    0.01    0.00    0.00   353.2    0.00
 208 24 2018    0.96    0.00    0.00    4.76    2.62   -0.01    0.00    0.00   -3.78    0.01    0.00    0.00   357.9    0.11
 209 24 2018    0.00    0.00    0.00    2.19    1.24    0.01    0.00    0.00   -2.22    0.01    0.00    0.00   360.1    0.01
 210 24 2018    0.00    0.00    0.00    1.08    0.48   -0.01    0.00    0.00   -1.06    0.01    0.00    0.00   361.2   -0.02
 211 24 2018    0.00    0.00    0.00    0.59    0.24   -0.02    0.00    0.00   -0.55    0.01    0.00    0.00   361.8   -0.03
 212 24 2018    0.00    0.00    0.00    0.48    0.20    0.02    0.00    0.00   -0.52    0.01    0.00    0.00   362.3    0.02
 213 24 2018    0.00    0.00    0.00    0.30    0.09    0.00    0.00    0.00   -0.31    0.01    0.00    0.00   362.6    0.00
 214 24 2018    0.13    0.00    0.06    0.35    0.10   -0.01    0.00    0.00   -0.30    0.01    0.00    0.00   362.9    0.03
 215 24 2018    2.88    0.00    0.00    2.20    0.00    0.00    0.00    0.00    0.72    0.01    0.00    0.00   365.1    0.01
 216 24 2018    0.08    0.00    0.04    0.84    0.15    0.01    0.00    0.00   -0.85    0.00    0.00    0.00   366.0    0.04
 217 24 2018    1.92    0.00    0.13    1.60    0.01    0.02    0.00    0.00    0.08    0.00    0.00    0.00   367.6    0.13
 218 24 2018    0.00    0.00    0.00    0.72    0.06   -0.01    0.00    0.00   -0.55    0.00    0.00    0.00   368.3   -0.05
 219 24 2018    0.04    0.00    0.02    0.31    0.04   -0.01    0.00    0.00   -0.27    0.00    0.00    0.00   368.6   -0.02
 220 24 2018    0.96    0.00    0.00    0.94    0.00    0.00    0.00    0.00    0.01    0.00    0.00    0.00   369.5    0.02
 221 24 2018    0.00    0.00    0.00    0.36    0.03    0.01    0.00    0.00   -0.41    0.00    0.00    0.00   369.9    0.04
 222 24 2018    0.00    0.00    0.00    0.21    0.03    0.00    0.00    0.00   -0.23    0.00    0.00    0.00   370.1    0.01
 223 24 2018    0.00    0.00    0.00    0.27    0.03   -0.02    0.00    0.00   -0.26    0.00    0.00    0.00   370.4    0.01
 224 24 2018    0.00    0.00    0.00    0.25    0.02   -0.01    0.00    0.00   -0.22    0.00    0.00    0.00   370.6   -0.02
 225 24 2018    0.00    0.00    0.00    0.16    0.00    0.01    0.00    0.00   -0.19    0.00    0.00    0.00   370.8    0.01
 226 24 2018    0.00    0.00    0.00   -0.02    0.00    0.02    0.00    0.00    0.02    0.00    0.00    0.00   370.8   -0.02
 227 24 2018    0.00    0.00    0.00    0.28    0.00   -0.02    0.00    0.00   -0.27    0.00    0.00    0.00   371.1    0.00
 228 24 2018    0.00    0.00    0.00    0.15    0.00    0.01    0.00    0.00   -0.18    0.00    0.00    0.00   371.2    0.02
 229 24 2018    0.04    0.00    0.02    0.08    0.00    0.00    0.00    0.00   -0.10    0.00    0.00    0.00   371.3    0.04
 230 24 2018    0.96    0.00    0.00    0.85    0.00    0.00    0.00    0.00    0.12    0.00    0.00    0.00   372.1    0.01
 231 24 2018    0.00    0.00    0.00    0.30    0.00   -0.01    0.00    0.00   -0.24    0.00    0.00    0.00   372.4   -0.05
 232 24 2018    0.17    0.00    0.08    0.12    0.00    0.00    0.00    0.00   -0.02    0.00    0.00    0.00   372.5   -0.02
 233 24 2018    3.83    0.00    0.06    2.22    0.00    0.01    0.00    0.00    1.61    0.00    0.00    0.00   374.8    0.01
 234 24 2018    0.00    0.00    0.00    0.91    0.12    0.00    0.00    0.00   -0.85    0.00    0.00    0.00   375.7   -0.01
 235 24 2018    0.00    0.00    0.00    0.34    0.02   -0.02    0.00    0.00   -0.32    0.00    0.00    0.00   376.0    0.00
 236 24 2018    0.04    0.00    0.02    0.24    0.02    0.00    0.00    0.00   -0.23    0.00    0.00    0.00   376.3    0.00
 237 24 2018    0.96    0.00    0.00    0.96    0.00    0.00    0.00    0.00    0.02    0.00    0.00    0.00   377.2   -0.01
 238 24 2018    0.17    0.00    0.08    0.37    0.00   -0.01    0.00    0.00   -0.25    0.00    0.00    0.00   377.6   -0.03
 239 24 2018    3.83    0.09    0.05    3.28    0.00    0.01    0.00    0.00    0.58    0.00    0.00    0.00   380.9   -0.01
 240 24 2018    0.00    0.00    0.00    0.63    0.00    0.00    0.00    0.00   -0.59    0.00    0.00    0.00   381.5    0.01
 241 24 2018    0.00    0.00    0.00    0.33    0.00   -0.03    0.00    0.00   -0.30    0.00    0.00    0.00   381.8   -0.01
 242 24 2018    0.00    0.00    0.00    0.18    0.00    0.00    0.00    0.00   -0.18    0.00    0.00    0.00   382.0    0.00
 243 24 2018    0.00    0.00    0.00    0.13    0.00    0.00    0.00    0.00   -0.15    0.00    0.00    0.00   382.1    0.02
 244 24 2018    0.00    0.00    0.00   -0.02    0.00    0.04    0.00    0.00   -0.06    0.00    0.00    0.00   382.1    0.04
 245 24 2018    0.00    0.00    0.00    0.18    0.00   -0.01    0.00    0.00   -0.16    0.00    0.00    0.00   382.3   -0.01
 246 24 2018    0.00    0.00    0.00    0.14    0.00   -0.02    0.00    0.00   -0.09    0.00    0.00    0.00   382.4   -0.03
 247 24 2018    0.25    0.00    0.12    0.02    0.00    0.04    0.00    0.00    0.05    0.00    0.00    0.00   382.5    0.02
 248 24 2018    5.79    0.00    0.90    2.72    0.00   -0.02    0.00    0.00    2.27    0.00    0.00    0.00   385.2    0.03
 249 24 2018    1.00    0.04    0.04    1.75    0.00   -0.01    0.00    0.00    0.12    0.00    0.00    0.00   386.9    0.00
 250 24 2018    1.00    0.13    0.05    1.28    0.04    0.01    0.00    0.00   -0.35    0.00    0.00    0.00   388.2    0.04
 251 24 2018    0.96    0.04    0.00    1.36    0.01    0.00    0.00    0.00   -0.36    0.00    0.00    0.00   389.6    0.00
 252 24 2018    0.00    0.00    0.00    0.54    0.05   -0.02    0.00    0.00   -0.54    0.00    0.00    0.00   390.1    0.02
 253 24 2018    0.00    0.00    0.00    0.29    0.04   -0.02    0.00    0.00   -0.28    0.00    0.00    0.00   390.4    0.02
 254 24 2018    0.00    0.00    0.00    0.21    0.03    0.01    0.00    0.00   -0.22    0.00    0.00    0.00   390.6    0.00
 255 24 2018    0.00    0.00    0.00    0.24    0.02    0.00    0.00    0.00   -0.24    0.00    0.00    0.00   390.8    0.00
 256 24 2018    0.00    0.00    0.00    0.23    0.00    0.00    0.00    0.00   -0.23    0.00    0.00    0.00   391.1    0.00
 257 24 2018    0.00    0.00    0.00    0.15    0.00    0.02    0.00    0.00   -0.18    0.00    0.00    0.00   391.2    0.00
 258 24 2018    0.00    0.00    0.00    0.14    0.00   -0.01    0.00    0.00   -0.16    0.00    0.00    0.00   391.4    0.02
 259 24 2018    0.00    0.00    0.00    0.13    0.00    0.00    0.00    0.00   -0.13    0.00    0.00    0.00   391.5   -0.01
 260 24 2018    0.00    0.00    0.00    0.10    0.00    0.00    0.00    0.00   -0.11    0.00    0.00    0.00   391.6    0.01
 261 24 2018    0.08    0.00    0.04    0.10    0.00    0.00    0.00    0.00   -0.07    0.00    0.00    0.00   391.7    0.02
 262 24 2018    1.92    0.00    0.00    1.58    0.00    0.01    0.00    0.00    0.37    0.00    0.00    0.00   393.3   -0.01
 263 24 2018    0.00    0.00    0.00    0.46    0.00   -0.01    0.00    0.00   -0.47    0.00    0.00    0.00   393.7    0.02
 264 24 2018    0.00    0.00    0.00    0.10    0.00   -0.01    0.00    0.00   -0.08    0.00    0.00    0.00   393.8   -0.01
 265 24 2018    0.00    0.00    0.00    0.17    0.00    0.00    0.00    0.00   -0.17    0.00    0.00    0.00   394.0    0.00
 266 24 2018    0.13    0.07    0.06    0.10    0.00    0.00    0.00    0.00   -0.01    0.00    0.00    0.00   394.1   -0.03
 267 24 2018    2.88    0.53    0.00    2.38    0.00    0.00    0.00    0.00    0.55    0.00    0.00    0.00   396.5    0.00
 268 24 2018    0.00    0.00    0.00    0.47    0.00    0.03    0.00    0.00   -0.53    0.00    0.00    0.00   396.9    0.02
 269 24 2018    0.00    0.00    0.00    0.20    0.00   -0.03    0.00    0.00   -0.16    0.00    0.00    0.00   397.1   -0.01
 270 24 2018    0.00    0.00    0.00    0.09    0.00    0.00    0.00    0.00   -0.08    0.00    0.00    0.00   397.2   -0.01
 271 24 2018    0.00    0.00    0.00    0.07    0.00    0.00    0.00    0.00   -0.07    0.00    0.00    0.00   397.3   -0.01
 272 24 2018    0.00    0.00    0.00    0.09    0.00    0.01    0.00    0.00   -0.09    0.00    0.00    0.00   397.4    0.00
 273 24 2018    0.00    0.00    0.00    0.10    0.00    0.00    0.00    0.00   -0.11    0.00    0.00    0.00   397.5    0.01
 274 24 2018    0.00    0.00    0.00   -0.10    0.00    0.02    0.00    0.00    0.05    0.00    0.00    0.00   397.4    0.03
 275 24 2018    0.00    0.00    0.00   -0.03    0.00    0.01    0.00    0.00   -0.02    0.00    0.00    0.00   397.4    0.04
 276 24 2018    0.13    0.00    0.06    0.09    0.00   -0.01    0.00    0.00    0.00    0.00    0.00    0.00   397.5   -0.02
 277 24 2018    2.92    0.00    0.02    2.26    0.00   -0.01    0.00    0.00    0.70    0.00    0.00    0.00   399.7    0.00
 278 24 2018    1.04    0.17    0.23    1.03    0.00    0.00    0.00    0.00   -0.19    0.00    0.00    0.00   400.7   -0.01
 279 24 2018    1.96    1.93    0.42    0.92    0.00    0.00    0.00    0.00    0.83    0.00    0.00    0.00   401.7    0.01
 280 24 2018    1.17    0.93    0.24    1.13    0.00   -0.01    0.00    0.00    0.08    0.00    0.00    0.13   402.8    0.00
 281 24 2018    4.96    1.34    2.13    0.44    0.00   -0.01    2.68    0.00    0.06    0.00    0.00    0.00   403.2    0.02
 282 24 2018    4.15    0.00    2.98    0.23    0.00    0.00    3.21    0.00   -0.16    0.00    0.00    0.00   403.5    0.02
 283 24 2018    7.33    0.00    2.96    0.30    0.00    0.00    7.05    0.00   -0.01    0.00    0.00    0.00   403.8    0.01
 284 24 2018    3.35    4.50    1.69    2.35    0.00    0.00   -2.25    0.00    4.51    0.00    0.00    0.00   406.1    0.01
 285 24 2018    0.21    2.42    0.10    3.92    2.09   -0.02   -2.23    0.00    0.14    0.00    0.00    0.00   410.0   -0.02
 286 24 2018    5.21    4.68    0.71    4.09    2.24    0.01   -1.78    0.00    2.29    0.00    0.00    0.00   414.1   -0.01
 287 24 2018    9.58    0.68    2.83    1.03    0.00    0.01    5.71    0.00    0.67    0.00    0.00    0.00   415.2    0.03
 288 24 2018    0.04    0.20    1.22    1.65    0.00    0.00   -0.14    0.00    0.13    0.00    0.00    0.00   416.8    0.00
 289 24 2018    0.96    3.10    0.10    1.78    0.18   -0.01   -2.43    0.00    2.76    0.00    0.00    0.00   418.6   -0.02
 290 24 2018    0.00    3.88    0.00    1.27    1.20    0.03   -3.78    0.00    2.57    0.00    0.00    0.00   419.9    0.01
 291 24 2018    0.00    3.68    0.00    1.30    1.21   -0.01   -3.64    0.00    2.37    0.00    0.00    0.00   421.2   -0.03
 292 24 2018    0.00    1.20    0.00    1.85    1.61    0.01   -2.42    0.00    0.58    0.00    0.00    0.00   423.0   -0.02
 293 24 2018    0.00    0.00    0.00    2.01    1.51   -0.04    0.00    0.00   -1.98    0.00    0.00    0.00   425.0    0.01
 294 24 2018    0.00    0.00    0.00    2.33    1.67    0.02    0.00    0.00   -2.35    0.00    0.00    0.00   427.3    0.01
 295 24 2018    0.00    0.00    0.00    1.82    1.40    0.01    0.00    0.00   -1.84    0.00    0.00    0.00   429.2    0.01
 296 24 2018    0.00    0.00    0.00    1.78    1.32    0.02    0.00    0.00   -1.81    0.00    0.00    0.00   431.0    0.01
 297 24 2018    0.00    0.00    0.00    1.72    1.01   -0.03    0.00    0.00   -1.67    0.00    0.00    0.00   432.7   -0.02
 298 24 2018    0.00    0.00    0.00    1.16    0.40    0.01    0.00    0.00   -1.12    0.00    0.00    0.00   433.8   -0.04
 299 24 2018    0.00    0.00    0.00    0.67    0.18    0.00    0.00    0.00   -0.69    0.00    0.00    0.00   434.5    0.03
 300 24 2018    0.00    0.00    0.00    0.38    0.13    0.00    0.00    0.00   -0.41    0.00    0.00    0.00   434.9    0.03
 301 24 2018    0.00    0.00    0.00    0.46    0.11   -0.02    0.00    0.00   -0.43    0.00    0.00    0.00   435.3   -0.01
 302 24 2018    0.50    0.00    0.23    0.32    0.12    0.03    0.00    0.00   -0.09    0.00    0.00    0.00   435.7    0.01
 303 24 2018   11.58    0.99    2.97    0.49    0.00   -0.02    7.80    0.00    0.59    0.00    0.00    0.00   436.1   -0.02
 304 24 2018    2.00    0.15    1.26    2.41    0.00    0.01    1.20    0.00    0.10    0.00    0.00    0.00   438.6    0.00
 305 24 2018    2.29    1.05    0.18    2.28    0.04    0.01    0.09    0.00    1.00    0.00    0.00    0.00   440.8    0.00
 306 24 2018    8.87   11.79    0.37    4.71    0.76    0.01   -6.99    0.00   10.96    0.00    0.00    0.00   445.5    0.00
 307 24 2018    5.88    3.51    0.74    2.41    0.00   -0.01   -2.10    0.00    5.20    0.00    0.00    0.00   448.0    0.01
 308 24 2018    3.08    0.58    0.10    3.03    0.76   -0.01    0.00    0.00    0.57    0.00    0.00    0.11   451.0    0.02
 309 24 2018    4.83    1.64    0.20    3.18    0.69    0.00    0.00    0.00    1.63    0.00    0.00    0.02   454.2    0.01
 310 24 2018    1.00    1.22    0.02    1.41    0.58    0.00    0.00    0.00   -0.36    0.01    0.00    0.14   455.6    0.01
 311 24 2018    0.96    5.27    0.00    0.77    0.08    0.01    0.65    0.00   -0.35    0.02    0.00    0.00   456.4    0.02
 312 24 2018    0.00    0.00    0.00    0.29    0.03   -0.01    0.25    0.00   -0.53    0.01    0.00    0.00   456.6    0.00
 313 24 2018    0.00    0.00    0.00    0.69    0.45   -0.01    0.19    0.00   -0.87    0.01    0.00    0.00   457.3   -0.01
 314 24 2018    0.42    0.03    0.20    1.26    1.21    0.01    0.36    0.00   -1.41    0.00    0.00    0.00   458.6    0.00
 315 24 2018    9.62    0.00    2.97    0.45    0.00    0.01    6.52    0.00   -0.12    0.00    0.00    0.00   459.0    0.00
 316 24 2018    0.96    0.00    0.20    3.22    0.00    0.00    0.62    0.00   -0.11    0.00    0.00    0.00   462.3    0.00
 317 24 2018    0.00    0.00    0.00    0.30    0.07    0.00    0.03    0.00   -0.14    0.00    0.00    0.00   462.5    0.01
 318 24 2018    0.00    0.08    0.00    0.88    0.86   -0.01   -0.10    0.00   -0.79    0.00    0.00    0.00   463.4    0.02
 319 24 2018    0.00    1.64    0.00    1.54    1.49    0.00   -1.61    0.00    0.08    0.00    0.00    0.00   465.0    0.00
 320 24 2018    0.25    0.00    0.12    0.17    0.10    0.01    0.15    0.00   -0.19    0.00    0.00    0.00   465.1    0.00
 321 24 2018    5.75    0.00    2.47    0.34    0.00   -0.01    3.16    0.00   -0.10    0.00    0.00    0.00   465.5    0.00
 322 24 2018    0.00    0.00    0.00    2.53    0.03   -0.01    0.04    0.00   -0.09    0.00    0.00    0.00   468.0    0.00
 323 24 2018    0.00    0.00    0.00    0.08    0.01    0.01    0.02    0.00   -0.11    0.00    0.00    0.00   468.1    0.00
 324 24 2018    0.00    0.01    0.00    0.30    0.27   -0.01    0.00    0.00   -0.39    0.00    0.00    0.00   468.4    0.10
 325 24 2018    0.00    0.08    0.00    0.21    0.19    0.00   -0.11    0.00   -0.09    0.00    0.00    0.00   468.6   -0.01
 326 24 2018    0.13    1.02    0.06    0.76    0.82    0.03   -1.02    0.00    0.23    0.00    0.00    0.00   469.4    0.06
 327 24 2018    3.33    4.65    0.21    1.86    0.45    0.00   -2.91    0.00    2.75    0.00    0.00    1.50   471.2    0.00
 328 24 2018   10.58    2.77    2.62    2.63    0.00   -0.02    2.86    0.00    1.47    0.00    0.00    2.74   473.8    0.00
 329 24 2018    0.96    0.00    0.00    3.16    0.00   -0.01    0.55    0.00    0.12    0.00    0.00    2.48   477.0    0.01
 330 24 2018    0.00    0.00    0.00    0.18    0.00    0.00    0.05    0.00   -0.13    0.00    0.00    2.42   477.2   -0.03
 331 24 2018    0.17    0.00    0.08    0.06    0.01    0.01    0.14    0.00   -0.04    0.00    0.00    2.35   477.2    0.00
 332 24 2018    3.83    0.00    0.24    1.66    0.02    0.03    1.97    0.00   -0.07    0.00    0.00    2.19   478.9    0.25
 333 24 2018    0.04    0.00    0.02    0.58    0.23   -0.03    0.02    0.00   -0.01    0.00    0.00    1.94   479.5   -0.04
 334 24 2018    0.96    0.00    0.00    0.50    0.01    0.01    0.53    0.00   -0.04    0.00    0.00    1.81   480.0    0.11
 335 24 2018    0.00    0.00    0.00    0.15    0.01   -0.02    0.02    0.00    0.06    0.00    0.00    1.64   480.1   -0.05
 336 24 2018    0.04    0.00    0.02    0.02    0.00    0.01    0.08    0.00    0.04    0.00    0.00    1.49   480.1    0.01
 337 24 2018    0.96    0.00    0.00    0.50    0.00   -0.01    0.56    0.00    0.05    0.00    0.00    1.31   480.6    0.07
 338 24 2018    0.08    0.00    0.04    0.14    0.00   -0.01    0.05    0.00    0.02    0.00    0.00    1.16   480.8   -0.01
 339 24 2018    1.96    0.00    0.05    0.95    0.00    0.01    1.02    0.00   -0.23    0.00    0.00    1.03   481.7    0.32
 340 24 2018    0.96    0.03    0.11    0.40    0.01    0.00    0.43    0.00    0.16    0.00    0.00    0.91   482.1    0.04
 341 24 2018    0.00    0.00    0.00    0.18    0.01    0.01   -0.04    0.00    0.08    0.00    0.00    0.78   482.3    0.00
 342 24 2018    0.00    0.00    0.00    0.08    0.00   -0.01   -0.03    0.00    0.09    0.00    0.00    0.64   482.4    0.01
 343 24 2018    0.00    0.00    0.00    0.15    0.01   -0.02   -0.04    0.00    0.08    0.00    0.00    0.48   482.6   -0.01
 344 24 2018    0.00    0.00    0.00    0.10    0.04    0.00   -0.02    0.00    0.09    0.00    0.00    0.33   482.6   -0.01
 345 24 2018    0.08    0.00    0.04    0.12    0.00    0.00    0.02    0.00    0.07    0.00    0.00    0.18   482.8   -0.02
 346 24 2018    1.92    0.00    0.00    1.03    0.01    0.02    0.97    0.00   -0.22    0.00    0.00    0.05   483.8    0.30
 347 24 2018    0.00    0.00    0.00    0.04    0.00   -0.01    0.02    0.00   -0.01    0.00    0.00    0.00   483.8    0.01
 348 24 2018    0.00    0.00    0.00    0.07    0.06    0.00   -0.02    0.00   -0.05    0.00    0.00    0.00   483.9    0.00
 349 24 2018    0.00    0.00    0.00    0.07    0.05    0.00   -0.04    0.00   -0.03    0.00    0.00    0.00   484.0    0.00
 350 24 2018    0.00    0.03    0.00    0.42    0.41    0.00   -0.04    0.00   -0.38    0.00    0.00    0.00   484.4   -0.01
 351 24 2018    0.00    0.03    0.00    0.37    0.37    0.01   -0.07    0.00   -0.31    0.00    0.00    0.00   484.8    0.01
 352 24 2018    0.21    0.00    0.10   -0.02    0.08    0.00    0.13    0.00   -0.13    0.00    0.00    0.00   484.7    0.13
 353 24 2018    4.79    0.00    0.25    2.13    0.00    0.00    2.56    0.00   -0.05    0.00    0.00    0.00   486.9    0.00
 354 24 2018    0.00    0.00    0.00    0.29    0.01   -0.01    0.02    0.00   -0.04    0.00    0.00    0.00   487.2   -0.02
 355 24 2018    0.13    0.00    0.06    0.10    0.03    0.00    0.05    0.00   -0.03    0.00    0.00    0.00   487.3   -0.05
 356 24 2018    2.88    0.00    0.00    1.45    0.00   -0.01    1.55    0.00   -0.06    0.00    0.00    0.00   488.7    0.00
 357 24 2018    0.08    0.00    0.04    0.00    0.00    0.01    0.06    0.00   -0.04    0.00    0.00    0.00   488.7    0.01
 358 24 2018    1.92    0.00    0.05    0.88    0.00    0.00    1.03    0.00   -0.02    0.00    0.00    0.00   489.6    0.02
 359 24 2018    0.04    0.00    0.02    0.06    0.00    0.00    0.06    0.00   -0.14    0.00    0.00    0.00   489.6    0.09
 360 24 2018    0.96    0.00    0.15    0.31    0.00    0.00    0.54    0.00   -0.25    0.00    0.00    0.00   490.0    0.23
 361 24 2018    0.04    0.00    0.02    0.19    0.00    0.00    0.06    0.00   -0.05    0.00    0.00    0.00   490.1   -0.01
 362 24 2018    0.96    0.00    0.06    0.42    0.00    0.00    0.56    0.00   -0.04    0.00    0.00    0.00   490.6   -0.01
 363 24 2018    0.00    0.00    0.00    0.04    0.00    0.00    0.01    0.00   -0.02    0.00    0.00    0.00   490.6    0.03
 364 24 2018    0.08    0.00    0.04    0.01    0.00    0.01    0.04    0.00   -0.11    0.00    0.00    0.00   490.6    0.10
