AVERAGE PREDICTED LIQUID WATER CONTENT FOR EACH NODE (M3/M3)
  DY HR  YR   0.00  0.05  0.10  0.15  0.20  0.25  0.30  0.35  0.40  0.45  0.50  0.60  0.70  0.80  0.90  1.00  1.50
   1  1 2018 0.048 0.050 0.038 0.039 0.040 0.015 0.016 0.017 0.019 0.026 0.060 0.060 0.060 0.020 0.020 0.020 0.020
   1 24 2018 0.049 0.048 0.037 0.038 0.039 0.014 0.015 0.017 0.019 0.023 0.036 0.036 0.036 0.009 0.009 0.010 0.010
   2 24 2018 0.052 0.046 0.035 0.036 0.037 0.013 0.014 0.015 0.017 0.019 0.031 0.032 0.032 0.008 0.008 0.008 0.008
   3 24 2018 0.057 0.049 0.036 0.036 0.037 0.013 0.014 0.015 0.016 0.018 0.028 0.028 0.028 0.007 0.007 0.007 0.007
   4 24 2018 0.058 0.050 0.037 0.037 0.037 0.013 0.014 0.015 0.016 0.018 0.024 0.025 0.025 0.006 0.006 0.006 0.006
   5 24 2018 0.059 0.053 0.039 0.039 0.039 0.014 0.014 0.015 0.016 0.017 0.019 0.024 0.024 0.006 0.006 0.006 0.006
   6 24 2018 0.060 0.054 0.039 0.039 0.040 0.014 0.015 0.015 0.016 0.017 0.018 0.023 0.023 0.006 0.006 0.006 0.006
   7 24 2018 0.048 0.049 0.037 0.038 0.038 0.014 0.014 0.015 0.016 0.016 0.017 0.022 0.022 0.005 0.005 0.006 0.006
   8 24 2018 0.050 0.050 0.038 0.038 0.038 0.014 0.014 0.015 0.015 0.016 0.017 0.020 0.021 0.005 0.005 0.005 0.005
   9 24 2018 0.053 0.052 0.039 0.039 0.039 0.014 0.014 0.015 0.015 0.016 0.016 0.019 0.019 0.005 0.005 0.005 0.005
  10 24 2018 0.053 0.053 0.040 0.040 0.040 0.014 0.015 0.015 0.015 0.016 0.016 0.018 0.018 0.004 0.005 0.005 0.005
  11 24 2018 0.046 0.047 0.036 0.037 0.038 0.013 0.014 0.015 0.015 0.016 0.016 0.018 0.018 0.004 0.005 0.005 0.005
  12 24 2018 0.045 0.046 0.035 0.035 0.036 0.013 0.014 0.014 0.015 0.015 0.016 0.017 0.017 0.004 0.004 0.004 0.004
  13 24 2018 0.045 0.045 0.035 0.035 0.036 0.013 0.013 0.014 0.014 0.015 0.015 0.016 0.017 0.004 0.004 0.004 0.004
  14 24 2018 0.045 0.045 0.034 0.035 0.036 0.013 0.013 0.014 0.014 0.014 0.015 0.016 0.016 0.004 0.004 0.004 0.004
  15 24 2018 0.043 0.044 0.034 0.034 0.035 0.012 0.013 0.013 0.014 0.014 0.014 0.015 0.016 0.004 0.004 0.004 0.004
  16 24 2018 0.042 0.043 0.032 0.033 0.034 0.012 0.013 0.013 0.013 0.014 0.014 0.015 0.015 0.004 0.004 0.004 0.004
  17 24 2018 0.044 0.044 0.033 0.033 0.034 0.012 0.012 0.013 0.013 0.013 0.014 0.014 0.015 0.004 0.004 0.004 0.004
  18 24 2018 0.047 0.046 0.034 0.034 0.035 0.012 0.012 0.013 0.013 0.013 0.013 0.014 0.014 0.003 0.004 0.004 0.004
  19 24 2018 0.049 0.048 0.036 0.036 0.036 0.013 0.013 0.013 0.013 0.013 0.013 0.014 0.014 0.003 0.004 0.004 0.004
  20 24 2018 0.048 0.048 0.036 0.036 0.036 0.013 0.013 0.013 0.013 0.013 0.013 0.014 0.014 0.003 0.004 0.004 0.004
  21 24 2018 0.044 0.045 0.034 0.035 0.035 0.012 0.013 0.013 0.013 0.013 0.014 0.014 0.014 0.003 0.004 0.004 0.004
  22 24 2018 0.045 0.045 0.034 0.034 0.035 0.012 0.013 0.013 0.013 0.013 0.013 0.014 0.014 0.003 0.004 0.004 0.004
  23 24 2018 0.045 0.045 0.034 0.034 0.035 0.012 0.013 0.013 0.013 0.013 0.013 0.014 0.014 0.003 0.004 0.004 0.004
  24 24 2018 0.045 0.045 0.034 0.034 0.035 0.012 0.013 0.013 0.013 0.013 0.013 0.014 0.014 0.003 0.004 0.004 0.004
  25 24 2018 0.046 0.046 0.035 0.035 0.035 0.012 0.013 0.013 0.013 0.013 0.013 0.014 0.014 0.003 0.003 0.004 0.004
  26 24 2018 0.045 0.046 0.035 0.035 0.035 0.012 0.013 0.013 0.013 0.013 0.013 0.014 0.014 0.003 0.003 0.004 0.004
  27 24 2018 0.044 0.045 0.034 0.034 0.035 0.012 0.013 0.013 0.013 0.013 0.013 0.014 0.014 0.003 0.003 0.004 0.004
  28 24 2018 0.044 0.044 0.034 0.034 0.034 0.012 0.012 0.013 0.013 0.013 0.013 0.013 0.014 0.003 0.003 0.004 0.004
  29 24 2018 0.045 0.045 0.034 0.034 0.034 0.012 0.012 0.012 0.013 0.013 0.013 0.013 0.014 0.003 0.003 0.004 0.004
  30 24 2018 0.047 0.047 0.035 0.035 0.035 0.012 0.012 0.013 0.013 0.013 0.013 0.013 0.013 0.003 0.003 0.003 0.003
  31 24 2018 0.049 0.048 0.036 0.036 0.036 0.013 0.013 0.013 0.013 0.013 0.013 0.013 0.013 0.003 0.003 0.003 0.003
  32 24 2018 0.048 0.048 0.036 0.036 0.036 0.013 0.013 0.013 0.013 0.013 0.013 0.013 0.013 0.003 0.003 0.003 0.003
  33 24 2018 0.048 0.048 0.036 0.036 0.036 0.013 0.013 0.013 0.013 0.013 0.013 0.013 0.013 0.003 0.003 0.003 0.003
  34 24 2018 0.048 0.048 0.036 0.036 0.036 0.013 0.013 0.013 0.013 0.013 0.013 0.014 0.014 0.003 0.003 0.003 0.003
  35 24 2018 0.048 0.048 0.036 0.036 0.036 0.013 0.013 0.013 0.013 0.013 0.013 0.014 0.014 0.003 0.003 0.003 0.003
  36 24 2018 0.048 0.048 0.036 0.036 0.036 0.013 0.013 0.013 0.013 0.013 0.013 0.014 0.014 0.003 0.003 0.003 0.003
  37 24 2018 0.047 0.048 0.036 0.036 0.036 0.013 0.013 0.013 0.013 0.013 0.013 0.014 0.014 0.003 0.003 0.003 0.003
  38 24 2018 0.047 0.047 0.035 0.036 0.036 0.013 0.013 0.013 0.013 0.013 0.013 0.014 0.014 0.003 0.003 0.003 0.003
  39 24 2018 0.047 0.047 0.035 0.036 0.036 0.013 0.013 0.013 0.013 0.013 0.013 0.014 0.014 0.003 0.003 0.003 0.003
  40 24 2018 0.049 0.049 0.036 0.036 0.036 0.013 0.013 0.013 0.013 0.013 0.013 0.014 0.014 0.003 0.003 0.003 0.003
  41 24 2018 0.049 0.049 0.037 0.037 0.037 0.013 0.013 0.013 0.013 0.013 0.013 0.014 0.014 0.003 0.003 0.003 0.003
  42 24 2018 0.047 0.048 0.036 0.036 0.037 0.013 0.013 0.013 0.013 0.013 0.013 0.014 0.014 0.003 0.003 0.003 0.003
  43 24 2018 0.047 0.047 0.036 0.036 0.036 0.013 0.013 0.013 0.013 0.013 0.013 0.014 0.014 0.003 0.003 0.003 0.003
  44 24 2018 0.047 0.047 0.036 0.036 0.036 0.013 0.013 0.013 0.013 0.013 0.013 0.014 0.014 0.003 0.003 0.003 0.003
  45 24 2018 0.048 0.048 0.036 0.036 0.036 0.013 0.013 0.013 0.013 0.013 0.013 0.014 0.014 0.003 0.003 0.003 0.003
  46 24 2018 0.048 0.048 0.036 0.036 0.036 0.013 0.013 0.013 0.013 0.013 0.013 0.014 0.014 0.003 0.003 0.003 0.003
  47 24 2018 0.046 0.047 0.035 0.036 0.036 0.013 0.013 0.013 0.013 0.013 0.013 0.014 0.014 0.003 0.003 0.003 0.003
  48 24 2018 0.046 0.046 0.035 0.035 0.036 0.013 0.013 0.013 0.013 0.013 0.013 0.014 0.014 0.003 0.003 0.003 0.003
  49 24 2018 0.047 0.047 0.035 0.035 0.036 0.012 0.013 0.013 0.013 0.013 0.013 0.014 0.014 0.003 0.003 0.003 0.003
  50 24 2018 0.048 0.048 0.036 0.036 0.036 0.013 0.013 0.013 0.013 0.013 0.013 0.013 0.014 0.003 0.003 0.003 0.003
  51 24 2018 0.046 0.046 0.035 0.036 0.036 0.013 0.013 0.013 0.013 0.013 0.013 0.014 0.014 0.003 0.003 0.003 0.003
  52 24 2018 0.044 0.045 0.034 0.034 0.035 0.012 0.013 0.013 0.013 0.013 0.013 0.013 0.014 0.003 0.003 0.003 0.003
  53 24 2018 0.044 0.044 0.033 0.034 0.034 0.012 0.012 0.013 0.013 0.013 0.013 0.013 0.013 0.003 0.003 0.003 0.003
  54 24 2018 0.043 0.043 0.033 0.033 0.034 0.012 0.012 0.012 0.013 0.013 0.013 0.013 0.013 0.003 0.003 0.003 0.003
  55 24 2018 0.043 0.043 0.033 0.033 0.034 0.012 0.012 0.012 0.012 0.013 0.013 0.013 0.013 0.003 0.003 0.003 0.003
  56 24 2018 0.043 0.043 0.033 0.033 0.033 0.012 0.012 0.012 0.012 0.012 0.013 0.013 0.013 0.003 0.003 0.003 0.003
  57 24 2018 0.043 0.043 0.033 0.033 0.033 0.012 0.012 0.012 0.012 0.012 0.012 0.013 0.013 0.003 0.003 0.003 0.003
  58 24 2018 0.044 0.044 0.033 0.033 0.033 0.012 0.012 0.012 0.012 0.012 0.012 0.013 0.013 0.003 0.003 0.003 0.003
  59 24 2018 0.044 0.044 0.033 0.033 0.034 0.012 0.012 0.012 0.012 0.012 0.012 0.013 0.013 0.003 0.003 0.003 0.003
  60 24 2018 0.045 0.045 0.033 0.034 0.034 0.012 0.012 0.012 0.012 0.012 0.012 0.013 0.013 0.003 0.003 0.003 0.003
  61 24 2018 0.047 0.046 0.035 0.034 0.034 0.012 0.012 0.012 0.012 0.012 0.012 0.013 0.013 0.003 0.003 0.003 0.003
  62 24 2018 0.050 0.049 0.036 0.036 0.036 0.012 0.012 0.012 0.012 0.012 0.012 0.013 0.013 0.003 0.003 0.003 0.003
  63 24 2018 0.054 0.052 0.038 0.038 0.038 0.013 0.013 0.013 0.013 0.013 0.013 0.013 0.013 0.003 0.003 0.003 0.003
  64 24 2018 0.048 0.049 0.037 0.037 0.037 0.013 0.013 0.013 0.013 0.013 0.013 0.013 0.013 0.003 0.003 0.003 0.003
  65 24 2018 0.045 0.045 0.034 0.035 0.035 0.012 0.013 0.013 0.013 0.013 0.013 0.013 0.013 0.003 0.003 0.003 0.003
  66 24 2018 0.044 0.045 0.034 0.034 0.034 0.012 0.012 0.012 0.013 0.013 0.013 0.013 0.013 0.003 0.003 0.003 0.003
  67 24 2018 0.046 0.045 0.034 0.034 0.034 0.012 0.012 0.012 0.012 0.013 0.013 0.013 0.013 0.003 0.003 0.003 0.003
  68 24 2018 0.048 0.047 0.035 0.035 0.035 0.012 0.012 0.012 0.012 0.013 0.013 0.013 0.013 0.003 0.003 0.003 0.003
  69 24 2018 0.047 0.047 0.036 0.036 0.036 0.013 0.013 0.013 0.013 0.013 0.013 0.013 0.013 0.003 0.003 0.003 0.003
  70 24 2018 0.046 0.046 0.035 0.035 0.035 0.012 0.012 0.013 0.013 0.013 0.013 0.013 0.013 0.003 0.003 0.003 0.003
  71 24 2018 0.048 0.048 0.035 0.035 0.036 0.012 0.012 0.013 0.013 0.013 0.013 0.013 0.013 0.003 0.003 0.003 0.003
  72 24 2018 0.058 0.052 0.038 0.038 0.039 0.013 0.013 0.013 0.013 0.013 0.013 0.013 0.013 0.003 0.003 0.003 0.003
  73 24 2018 0.071 0.060 0.044 0.044 0.054 0.019 0.016 0.014 0.014 0.014 0.013 0.015 0.014 0.003 0.003 0.003 0.003
  74 24 2018 0.081 0.070 0.052 0.054 0.068 0.024 0.020 0.018 0.017 0.017 0.017 0.019 0.018 0.004 0.003 0.003 0.003
  75 24 2018 0.069 0.068 0.052 0.055 0.057 0.020 0.020 0.019 0.019 0.018 0.018 0.018 0.018 0.004 0.004 0.003 0.003
  76 24 2018 0.070 0.061 0.047 0.050 0.058 0.021 0.019 0.019 0.019 0.019 0.019 0.020 0.019 0.004 0.004 0.003 0.003
  77 24 2018 0.063 0.062 0.048 0.052 0.063 0.023 0.021 0.020 0.020 0.020 0.020 0.025 0.025 0.006 0.005 0.004 0.004
  78 24 2018 0.054 0.057 0.045 0.050 0.061 0.023 0.022 0.021 0.021 0.021 0.022 0.025 0.025 0.006 0.006 0.006 0.004
  79 24 2018 0.050 0.053 0.042 0.047 0.057 0.022 0.022 0.022 0.022 0.022 0.022 0.024 0.024 0.006 0.006 0.006 0.004
  80 24 2018 0.063 0.056 0.042 0.044 0.047 0.019 0.020 0.021 0.022 0.022 0.022 0.023 0.023 0.006 0.006 0.006 0.004
  81 24 2018 0.087 0.063 0.046 0.046 0.047 0.017 0.018 0.019 0.020 0.021 0.021 0.022 0.022 0.005 0.005 0.005 0.004
  82 24 2018 0.121 0.075 0.052 0.050 0.050 0.018 0.018 0.019 0.019 0.020 0.021 0.022 0.022 0.005 0.006 0.005 0.005
  83 24 2018 0.098 0.068 0.051 0.050 0.051 0.018 0.019 0.019 0.019 0.020 0.021 0.023 0.023 0.006 0.006 0.006 0.005
  84 24 2018 0.104 0.071 0.051 0.051 0.051 0.019 0.019 0.019 0.020 0.020 0.021 0.023 0.024 0.006 0.006 0.006 0.006
  85 24 2018 0.084 0.071 0.052 0.051 0.052 0.019 0.019 0.019 0.020 0.020 0.021 0.023 0.025 0.006 0.006 0.006 0.006
  86 24 2018 0.055 0.059 0.047 0.050 0.051 0.019 0.019 0.020 0.020 0.020 0.021 0.022 0.025 0.006 0.006 0.006 0.006
  87 24 2018 0.053 0.055 0.043 0.045 0.047 0.018 0.018 0.019 0.020 0.020 0.021 0.022 0.025 0.006 0.006 0.006 0.006
  88 24 2018 0.051 0.053 0.041 0.043 0.044 0.016 0.017 0.018 0.019 0.020 0.020 0.022 0.024 0.006 0.006 0.006 0.006
  89 24 2018 0.058 0.055 0.041 0.042 0.043 0.016 0.016 0.017 0.018 0.019 0.020 0.021 0.023 0.006 0.006 0.006 0.006
  90 24 2018 0.070 0.061 0.044 0.044 0.044 0.016 0.016 0.017 0.017 0.018 0.019 0.020 0.022 0.005 0.006 0.006 0.006
  91 24 2018 0.077 0.064 0.047 0.046 0.046 0.017 0.017 0.017 0.017 0.018 0.018 0.020 0.021 0.005 0.006 0.005 0.005
  92 24 2018 0.096 0.071 0.049 0.048 0.048 0.017 0.017 0.017 0.018 0.018 0.018 0.019 0.021 0.005 0.005 0.005 0.005
  93 24 2018 0.071 0.055 0.042 0.044 0.045 0.017 0.017 0.017 0.018 0.018 0.018 0.019 0.021 0.005 0.005 0.005 0.005
  94 24 2018 0.084 0.059 0.041 0.041 0.042 0.015 0.016 0.016 0.017 0.018 0.018 0.019 0.020 0.005 0.005 0.005 0.005
  95 24 2018 0.099 0.097 0.048 0.046 0.045 0.016 0.016 0.016 0.017 0.017 0.018 0.019 0.025 0.008 0.006 0.007 0.008
  96 24 2018 0.064 0.102 0.058 0.053 0.051 0.018 0.018 0.018 0.018 0.018 0.018 0.020 0.035 0.016 0.009 0.013 0.018
  97 24 2018 0.074 0.074 0.055 0.054 0.052 0.019 0.018 0.018 0.019 0.019 0.019 0.021 0.031 0.015 0.009 0.013 0.018
  98 24 2018 0.081 0.074 0.056 0.054 0.053 0.019 0.019 0.019 0.019 0.019 0.020 0.022 0.029 0.014 0.009 0.013 0.018
  99 24 2018 0.068 0.067 0.051 0.051 0.052 0.019 0.019 0.019 0.020 0.020 0.021 0.022 0.027 0.010 0.009 0.013 0.018
 100 24 2018 0.069 0.064 0.049 0.050 0.051 0.018 0.019 0.019 0.020 0.020 0.021 0.023 0.026 0.009 0.009 0.013 0.018
 101 24 2018 0.097 0.068 0.050 0.049 0.050 0.019 0.019 0.019 0.020 0.020 0.021 0.023 0.026 0.009 0.009 0.013 0.018
 102 24 2018 0.107 0.112 0.075 0.053 0.053 0.019 0.019 0.020 0.020 0.020 0.021 0.023 0.026 0.009 0.009 0.012 0.018
 103 24 2018 0.065 0.068 0.081 0.060 0.057 0.020 0.020 0.020 0.020 0.021 0.021 0.023 0.025 0.009 0.009 0.007 0.018
 104 24 2018 0.083 0.088 0.046 0.048 0.050 0.019 0.020 0.020 0.021 0.021 0.021 0.023 0.025 0.007 0.008 0.008 0.018
 105 24 2018 0.092 0.096 0.071 0.054 0.052 0.019 0.019 0.020 0.020 0.021 0.021 0.023 0.025 0.008 0.008 0.008 0.018
 106 24 2018 0.096 0.101 0.076 0.067 0.057 0.020 0.020 0.020 0.020 0.021 0.021 0.023 0.025 0.007 0.008 0.008 0.018
 107 24 2018 0.092 0.100 0.075 0.075 0.065 0.022 0.021 0.021 0.021 0.021 0.021 0.023 0.025 0.007 0.008 0.008 0.018
 108 24 2018 0.075 0.090 0.068 0.068 0.068 0.023 0.022 0.022 0.022 0.022 0.022 0.023 0.025 0.007 0.008 0.009 0.018
 109 24 2018 0.074 0.086 0.065 0.065 0.065 0.024 0.023 0.022 0.022 0.022 0.022 0.023 0.024 0.007 0.008 0.009 0.018
 110 24 2018 0.093 0.091 0.068 0.068 0.068 0.025 0.025 0.023 0.023 0.022 0.023 0.023 0.024 0.007 0.007 0.009 0.018
 111 24 2018 0.091 0.091 0.068 0.068 0.068 0.025 0.025 0.024 0.023 0.023 0.023 0.023 0.024 0.006 0.007 0.009 0.018
 112 24 2018 0.095 0.105 0.063 0.070 0.069 0.025 0.025 0.024 0.024 0.023 0.023 0.024 0.024 0.006 0.007 0.010 0.018
 113 24 2018 0.100 0.108 0.060 0.069 0.069 0.025 0.025 0.025 0.024 0.024 0.024 0.024 0.025 0.006 0.007 0.010 0.018
 114 24 2018 0.068 0.093 0.066 0.067 0.067 0.025 0.025 0.025 0.024 0.024 0.024 0.024 0.025 0.007 0.007 0.010 0.018
 115 24 2018 0.073 0.086 0.072 0.069 0.071 0.026 0.025 0.024 0.024 0.024 0.024 0.024 0.025 0.007 0.007 0.010 0.018
 116 24 2018 0.079 0.075 0.075 0.072 0.074 0.031 0.026 0.025 0.025 0.024 0.024 0.024 0.025 0.007 0.007 0.010 0.018
 117 24 2018 0.085 0.082 0.074 0.061 0.065 0.030 0.026 0.025 0.025 0.025 0.024 0.025 0.025 0.007 0.007 0.011 0.018
 118 24 2018 0.086 0.094 0.071 0.063 0.063 0.026 0.026 0.025 0.025 0.025 0.025 0.025 0.025 0.007 0.008 0.011 0.018
 119 24 2018 0.097 0.097 0.073 0.073 0.067 0.025 0.026 0.025 0.025 0.025 0.025 0.025 0.026 0.007 0.008 0.011 0.018
 120 24 2018 0.091 0.091 0.068 0.068 0.068 0.025 0.025 0.025 0.025 0.025 0.025 0.025 0.026 0.007 0.008 0.011 0.018
 121 24 2018 0.095 0.093 0.070 0.070 0.070 0.026 0.026 0.026 0.025 0.025 0.025 0.025 0.026 0.007 0.008 0.011 0.018
 122 24 2018 0.100 0.099 0.075 0.075 0.075 0.028 0.028 0.028 0.028 0.025 0.025 0.025 0.026 0.007 0.008 0.012 0.018
 123 24 2018 0.101 0.105 0.078 0.079 0.079 0.029 0.029 0.029 0.029 0.027 0.026 0.025 0.026 0.007 0.008 0.012 0.018
 124 24 2018 0.096 0.122 0.089 0.089 0.089 0.034 0.034 0.032 0.033 0.028 0.026 0.026 0.026 0.007 0.008 0.012 0.018
 125 24 2018 0.117 0.140 0.095 0.093 0.096 0.046 0.036 0.036 0.043 0.029 0.027 0.026 0.026 0.007 0.008 0.013 0.018
 126 24 2018 0.100 0.136 0.086 0.088 0.091 0.050 0.035 0.036 0.047 0.030 0.028 0.026 0.027 0.007 0.008 0.013 0.018
 127 24 2018 0.110 0.131 0.082 0.088 0.092 0.047 0.035 0.036 0.043 0.031 0.028 0.027 0.027 0.007 0.008 0.013 0.018
 128 24 2018 0.109 0.117 0.083 0.086 0.091 0.041 0.035 0.037 0.040 0.032 0.029 0.027 0.027 0.007 0.008 0.013 0.018
 129 24 2018 0.111 0.111 0.084 0.083 0.086 0.033 0.033 0.030 0.037 0.032 0.029 0.028 0.027 0.007 0.008 0.013 0.018
 130 24 2018 0.106 0.106 0.079 0.080 0.080 0.030 0.030 0.029 0.032 0.030 0.029 0.028 0.028 0.007 0.008 0.013 0.018
 131 24 2018 0.101 0.101 0.076 0.076 0.076 0.028 0.028 0.028 0.028 0.028 0.028 0.028 0.028 0.007 0.008 0.013 0.018
 132 24 2018 0.106 0.104 0.078 0.078 0.078 0.029 0.029 0.029 0.029 0.029 0.030 0.028 0.028 0.007 0.008 0.013 0.018
 133 24 2018 0.130 0.119 0.090 0.090 0.091 0.034 0.034 0.034 0.035 0.035 0.035 0.031 0.028 0.007 0.008 0.013 0.018
 134 24 2018 0.130 0.129 0.098 0.099 0.099 0.038 0.038 0.038 0.038 0.039 0.039 0.039 0.029 0.008 0.008 0.013 0.018
 135 24 2018 0.132 0.141 0.106 0.107 0.108 0.041 0.042 0.042 0.042 0.043 0.043 0.044 0.030 0.008 0.009 0.013 0.018
 136 24 2018 0.135 0.136 0.102 0.103 0.103 0.040 0.040 0.040 0.040 0.041 0.041 0.042 0.030 0.008 0.009 0.013 0.018
 137 24 2018 0.122 0.122 0.092 0.092 0.093 0.035 0.035 0.035 0.035 0.036 0.036 0.036 0.031 0.008 0.009 0.013 0.018
 138 24 2018 0.117 0.116 0.087 0.087 0.087 0.033 0.033 0.033 0.033 0.033 0.033 0.034 0.034 0.008 0.009 0.013 0.018
 139 24 2018 0.136 0.125 0.095 0.096 0.096 0.037 0.037 0.037 0.037 0.037 0.037 0.038 0.038 0.008 0.009 0.013 0.018
 140 24 2018 0.134 0.122 0.098 0.107 0.107 0.043 0.042 0.042 0.042 0.042 0.043 0.044 0.045 0.008 0.009 0.013 0.018
 141 24 2018 0.129 0.129 0.098 0.110 0.111 0.043 0.043 0.044 0.044 0.045 0.045 0.046 0.048 0.009 0.009 0.013 0.018
 142 24 2018 0.140 0.136 0.093 0.103 0.104 0.040 0.040 0.040 0.041 0.041 0.041 0.042 0.042 0.009 0.009 0.013 0.018
 143 24 2018 0.134 0.141 0.094 0.102 0.103 0.039 0.040 0.040 0.040 0.040 0.041 0.041 0.042 0.011 0.009 0.013 0.018
 144 24 2018 0.117 0.118 0.094 0.096 0.096 0.037 0.037 0.037 0.037 0.037 0.037 0.038 0.038 0.010 0.009 0.013 0.018
 145 24 2018 0.117 0.120 0.091 0.091 0.091 0.035 0.035 0.035 0.035 0.035 0.035 0.035 0.036 0.009 0.009 0.013 0.018
 146 24 2018 0.116 0.117 0.088 0.088 0.088 0.033 0.033 0.033 0.033 0.034 0.034 0.034 0.034 0.009 0.009 0.010 0.012
 147 24 2018 0.106 0.106 0.080 0.080 0.080 0.030 0.030 0.030 0.030 0.030 0.030 0.030 0.030 0.008 0.008 0.008 0.008
 148 24 2018 0.101 0.101 0.076 0.076 0.076 0.028 0.028 0.028 0.028 0.028 0.028 0.028 0.029 0.007 0.007 0.007 0.007
 149 24 2018 0.096 0.096 0.072 0.072 0.072 0.027 0.027 0.027 0.027 0.027 0.027 0.027 0.027 0.007 0.007 0.007 0.007
 150 24 2018 0.085 0.085 0.064 0.064 0.064 0.023 0.024 0.024 0.024 0.024 0.024 0.024 0.025 0.006 0.006 0.006 0.006
 151 24 2018 0.067 0.067 0.050 0.051 0.051 0.018 0.019 0.020 0.020 0.021 0.021 0.021 0.021 0.005 0.005 0.006 0.006
 152 24 2018 0.045 0.049 0.038 0.039 0.039 0.014 0.016 0.017 0.017 0.018 0.018 0.019 0.019 0.005 0.005 0.005 0.005
 153 24 2018 0.034 0.041 0.032 0.033 0.033 0.012 0.015 0.015 0.016 0.017 0.017 0.017 0.018 0.004 0.005 0.005 0.005
 154 24 2018 0.033 0.038 0.030 0.031 0.031 0.012 0.014 0.015 0.015 0.016 0.016 0.016 0.017 0.004 0.004 0.005 0.005
 155 24 2018 0.028 0.036 0.028 0.029 0.030 0.011 0.013 0.014 0.015 0.015 0.015 0.016 0.016 0.004 0.004 0.004 0.004
 156 24 2018 0.026 0.033 0.027 0.028 0.029 0.011 0.013 0.014 0.014 0.015 0.015 0.015 0.016 0.004 0.004 0.004 0.004
 157 24 2018 0.026 0.032 0.026 0.027 0.028 0.010 0.013 0.013 0.014 0.014 0.015 0.015 0.015 0.004 0.004 0.004 0.004
 158 24 2018 0.025 0.031 0.025 0.027 0.027 0.010 0.012 0.013 0.014 0.014 0.014 0.015 0.015 0.004 0.004 0.004 0.004
 159 24 2018 0.024 0.030 0.025 0.026 0.027 0.010 0.012 0.013 0.013 0.014 0.014 0.015 0.015 0.004 0.004 0.004 0.004
 160 24 2018 0.024 0.029 0.024 0.025 0.026 0.010 0.012 0.013 0.013 0.014 0.014 0.014 0.015 0.004 0.004 0.004 0.004
 161 24 2018 0.023 0.028 0.024 0.025 0.026 0.010 0.012 0.013 0.013 0.013 0.014 0.014 0.014 0.003 0.004 0.004 0.004
 162 24 2018 0.023 0.027 0.023 0.024 0.025 0.010 0.012 0.012 0.013 0.013 0.014 0.014 0.014 0.003 0.004 0.004 0.004
 163 24 2018 0.023 0.027 0.023 0.024 0.025 0.009 0.011 0.012 0.013 0.013 0.013 0.014 0.014 0.003 0.004 0.004 0.004
 164 24 2018 0.024 0.027 0.022 0.024 0.025 0.009 0.011 0.012 0.013 0.013 0.013 0.014 0.014 0.003 0.004 0.004 0.004
 165 24 2018 0.024 0.026 0.022 0.023 0.024 0.009 0.011 0.012 0.012 0.013 0.013 0.014 0.014 0.003 0.004 0.004 0.004
 166 24 2018 0.027 0.027 0.022 0.023 0.024 0.009 0.011 0.012 0.012 0.013 0.013 0.013 0.014 0.003 0.004 0.004 0.004
 167 24 2018 0.038 0.032 0.023 0.023 0.024 0.009 0.011 0.012 0.012 0.013 0.013 0.013 0.014 0.003 0.004 0.004 0.004
 168 24 2018 0.118 0.080 0.059 0.058 0.057 0.021 0.020 0.020 0.019 0.019 0.018 0.017 0.017 0.004 0.004 0.004 0.004
 169 24 2018 0.106 0.106 0.080 0.080 0.080 0.030 0.030 0.030 0.030 0.030 0.030 0.030 0.030 0.008 0.008 0.007 0.007
 170 24 2018 0.107 0.105 0.079 0.079 0.079 0.030 0.030 0.030 0.030 0.030 0.030 0.030 0.030 0.008 0.008 0.008 0.008
 171 24 2018 0.101 0.102 0.076 0.076 0.076 0.028 0.028 0.029 0.029 0.029 0.029 0.029 0.029 0.007 0.007 0.007 0.007
 172 24 2018 0.090 0.090 0.068 0.068 0.068 0.025 0.025 0.025 0.025 0.025 0.026 0.026 0.026 0.006 0.007 0.007 0.007
 173 24 2018 0.071 0.071 0.054 0.054 0.054 0.020 0.021 0.021 0.022 0.022 0.022 0.022 0.022 0.006 0.006 0.006 0.006
 174 24 2018 0.054 0.054 0.041 0.042 0.042 0.015 0.017 0.017 0.018 0.018 0.019 0.019 0.019 0.005 0.005 0.005 0.005
 175 24 2018 0.059 0.057 0.042 0.042 0.042 0.015 0.016 0.016 0.017 0.017 0.017 0.018 0.018 0.004 0.005 0.005 0.005
 176 24 2018 0.051 0.052 0.040 0.040 0.040 0.015 0.015 0.016 0.016 0.017 0.017 0.017 0.017 0.004 0.004 0.005 0.005
 177 24 2018 0.035 0.043 0.033 0.034 0.034 0.012 0.014 0.015 0.015 0.016 0.016 0.016 0.017 0.004 0.004 0.004 0.004
 178 24 2018 0.030 0.037 0.029 0.030 0.031 0.011 0.013 0.014 0.015 0.015 0.015 0.016 0.016 0.004 0.004 0.004 0.004
 179 24 2018 0.027 0.034 0.028 0.029 0.029 0.011 0.013 0.014 0.014 0.015 0.015 0.015 0.016 0.004 0.004 0.004 0.004
 180 24 2018 0.026 0.032 0.026 0.027 0.028 0.011 0.013 0.013 0.014 0.014 0.015 0.015 0.015 0.004 0.004 0.004 0.004
 181 24 2018 0.032 0.033 0.026 0.027 0.027 0.010 0.012 0.013 0.014 0.014 0.014 0.015 0.015 0.004 0.004 0.004 0.004
 182 24 2018 0.027 0.033 0.026 0.027 0.027 0.010 0.012 0.013 0.013 0.014 0.014 0.014 0.015 0.004 0.004 0.004 0.004
 183 24 2018 0.025 0.030 0.025 0.026 0.027 0.010 0.012 0.013 0.013 0.014 0.014 0.014 0.014 0.003 0.004 0.004 0.004
 184 24 2018 0.025 0.029 0.024 0.025 0.026 0.010 0.012 0.012 0.013 0.013 0.014 0.014 0.014 0.003 0.004 0.004 0.004
 185 24 2018 0.025 0.029 0.024 0.025 0.026 0.010 0.011 0.012 0.013 0.013 0.013 0.014 0.014 0.003 0.004 0.004 0.004
 186 24 2018 0.027 0.029 0.023 0.024 0.025 0.009 0.011 0.012 0.013 0.013 0.013 0.014 0.014 0.003 0.004 0.004 0.004
 187 24 2018 0.026 0.029 0.023 0.024 0.025 0.009 0.011 0.012 0.013 0.013 0.013 0.014 0.014 0.003 0.004 0.004 0.004
 188 24 2018 0.049 0.042 0.030 0.028 0.028 0.010 0.011 0.012 0.012 0.013 0.013 0.013 0.014 0.003 0.004 0.004 0.004
 189 24 2018 0.040 0.043 0.033 0.034 0.034 0.012 0.012 0.012 0.012 0.013 0.013 0.013 0.014 0.003 0.004 0.004 0.004
 190 24 2018 0.031 0.038 0.030 0.030 0.031 0.011 0.012 0.012 0.012 0.013 0.013 0.013 0.013 0.003 0.003 0.004 0.004
 191 24 2018 0.027 0.034 0.027 0.028 0.028 0.010 0.011 0.012 0.012 0.013 0.013 0.013 0.013 0.003 0.003 0.004 0.004
 192 24 2018 0.025 0.031 0.025 0.026 0.027 0.010 0.011 0.012 0.012 0.013 0.013 0.013 0.013 0.003 0.003 0.004 0.004
 193 24 2018 0.037 0.034 0.025 0.026 0.026 0.009 0.011 0.012 0.012 0.012 0.013 0.013 0.013 0.003 0.003 0.004 0.004
 194 24 2018 0.038 0.038 0.028 0.028 0.027 0.010 0.011 0.011 0.012 0.012 0.013 0.013 0.013 0.003 0.003 0.004 0.004
 195 24 2018 0.030 0.035 0.027 0.028 0.028 0.010 0.011 0.011 0.012 0.012 0.012 0.013 0.013 0.003 0.003 0.003 0.003
 196 24 2018 0.066 0.054 0.040 0.039 0.039 0.013 0.013 0.012 0.012 0.012 0.012 0.013 0.013 0.003 0.003 0.003 0.003
 197 24 2018 0.068 0.067 0.050 0.050 0.050 0.018 0.018 0.017 0.016 0.016 0.015 0.014 0.013 0.003 0.003 0.003 0.003
 198 24 2018 0.056 0.056 0.043 0.043 0.043 0.015 0.016 0.016 0.016 0.016 0.016 0.015 0.015 0.003 0.003 0.003 0.003
 199 24 2018 0.042 0.045 0.035 0.036 0.036 0.013 0.014 0.014 0.015 0.015 0.015 0.015 0.015 0.003 0.003 0.003 0.003
 200 24 2018 0.031 0.039 0.030 0.031 0.032 0.011 0.013 0.014 0.014 0.014 0.015 0.015 0.015 0.003 0.003 0.003 0.003
 201 24 2018 0.028 0.035 0.028 0.029 0.029 0.011 0.012 0.013 0.014 0.014 0.014 0.014 0.015 0.003 0.003 0.003 0.003
 202 24 2018 0.031 0.034 0.026 0.027 0.028 0.010 0.012 0.013 0.013 0.014 0.014 0.014 0.014 0.003 0.003 0.003 0.003
 203 24 2018 0.073 0.058 0.043 0.042 0.042 0.015 0.014 0.014 0.014 0.014 0.014 0.014 0.014 0.003 0.003 0.003 0.003
 204 24 2018 0.099 0.084 0.063 0.063 0.063 0.023 0.023 0.022 0.022 0.021 0.020 0.019 0.018 0.004 0.004 0.003 0.003
 205 24 2018 0.090 0.090 0.067 0.067 0.067 0.025 0.025 0.025 0.025 0.025 0.025 0.025 0.025 0.006 0.006 0.005 0.005
 206 24 2018 0.085 0.083 0.062 0.062 0.062 0.023 0.023 0.023 0.023 0.023 0.023 0.023 0.023 0.006 0.006 0.006 0.006
 207 24 2018 0.081 0.080 0.060 0.060 0.060 0.022 0.022 0.022 0.022 0.022 0.022 0.022 0.022 0.005 0.006 0.006 0.006
 208 24 2018 0.071 0.071 0.053 0.053 0.053 0.019 0.020 0.020 0.020 0.020 0.021 0.021 0.021 0.005 0.005 0.005 0.005
 209 24 2018 0.060 0.060 0.045 0.045 0.046 0.016 0.017 0.018 0.018 0.018 0.019 0.019 0.019 0.005 0.005 0.005 0.005
 210 24 2018 0.048 0.050 0.038 0.038 0.039 0.014 0.015 0.016 0.017 0.017 0.017 0.018 0.018 0.004 0.005 0.005 0.005
 211 24 2018 0.042 0.044 0.034 0.034 0.034 0.013 0.014 0.015 0.016 0.016 0.016 0.017 0.017 0.004 0.004 0.005 0.005
 212 24 2018 0.035 0.040 0.031 0.032 0.032 0.012 0.014 0.014 0.015 0.015 0.016 0.016 0.016 0.004 0.004 0.004 0.004
 213 24 2018 0.034 0.037 0.029 0.030 0.030 0.011 0.013 0.014 0.014 0.015 0.015 0.016 0.016 0.004 0.004 0.004 0.004
 214 24 2018 0.029 0.035 0.028 0.029 0.029 0.011 0.013 0.014 0.014 0.014 0.015 0.015 0.015 0.004 0.004 0.004 0.004
 215 24 2018 0.043 0.040 0.029 0.029 0.029 0.011 0.012 0.013 0.014 0.014 0.014 0.015 0.015 0.004 0.004 0.004 0.004
 216 24 2018 0.034 0.039 0.030 0.031 0.031 0.011 0.012 0.013 0.013 0.014 0.014 0.015 0.015 0.004 0.004 0.004 0.004
 217 24 2018 0.038 0.039 0.029 0.030 0.030 0.011 0.012 0.013 0.013 0.014 0.014 0.014 0.015 0.003 0.004 0.004 0.004
 218 24 2018 0.033 0.038 0.029 0.029 0.030 0.011 0.012 0.013 0.013 0.013 0.014 0.014 0.014 0.003 0.004 0.004 0.004
 219 24 2018 0.030 0.035 0.027 0.028 0.028 0.010 0.012 0.012 0.013 0.013 0.014 0.014 0.014 0.003 0.004 0.004 0.004
 220 24 2018 0.033 0.035 0.027 0.027 0.028 0.010 0.012 0.012 0.013 0.013 0.013 0.014 0.014 0.003 0.004 0.004 0.004
 221 24 2018 0.029 0.034 0.026 0.027 0.027 0.010 0.011 0.012 0.013 0.013 0.013 0.014 0.014 0.003 0.004 0.004 0.004
 222 24 2018 0.026 0.032 0.025 0.026 0.027 0.010 0.011 0.012 0.012 0.013 0.013 0.013 0.014 0.003 0.004 0.004 0.004
 223 24 2018 0.025 0.030 0.024 0.025 0.026 0.009 0.011 0.012 0.012 0.013 0.013 0.013 0.014 0.003 0.004 0.004 0.004
 224 24 2018 0.024 0.029 0.024 0.025 0.025 0.009 0.011 0.012 0.012 0.013 0.013 0.013 0.013 0.003 0.003 0.004 0.004
 225 24 2018 0.024 0.028 0.023 0.024 0.025 0.009 0.011 0.012 0.012 0.012 0.013 0.013 0.013 0.003 0.003 0.004 0.004
 226 24 2018 0.027 0.028 0.023 0.024 0.024 0.009 0.011 0.011 0.012 0.012 0.013 0.013 0.013 0.003 0.003 0.004 0.004
 227 24 2018 0.025 0.028 0.023 0.023 0.024 0.009 0.011 0.011 0.012 0.012 0.013 0.013 0.013 0.003 0.003 0.004 0.004
 228 24 2018 0.024 0.027 0.022 0.023 0.024 0.009 0.010 0.011 0.012 0.012 0.012 0.013 0.013 0.003 0.003 0.004 0.004
 229 24 2018 0.025 0.027 0.022 0.023 0.024 0.009 0.010 0.011 0.012 0.012 0.012 0.013 0.013 0.003 0.003 0.003 0.003
 230 24 2018 0.030 0.029 0.022 0.023 0.023 0.009 0.010 0.011 0.012 0.012 0.012 0.013 0.013 0.003 0.003 0.003 0.003
 231 24 2018 0.027 0.030 0.023 0.023 0.023 0.008 0.010 0.011 0.011 0.012 0.012 0.013 0.013 0.003 0.003 0.003 0.003
 232 24 2018 0.026 0.028 0.022 0.023 0.023 0.009 0.010 0.011 0.011 0.012 0.012 0.012 0.013 0.003 0.003 0.003 0.003
 233 24 2018 0.044 0.037 0.026 0.025 0.024 0.009 0.010 0.011 0.011 0.012 0.012 0.012 0.013 0.003 0.003 0.003 0.003
 234 24 2018 0.035 0.038 0.029 0.029 0.029 0.010 0.010 0.011 0.011 0.012 0.012 0.012 0.013 0.003 0.003 0.003 0.003
 235 24 2018 0.029 0.034 0.027 0.027 0.028 0.010 0.010 0.011 0.011 0.012 0.012 0.012 0.012 0.003 0.003 0.003 0.003
 236 24 2018 0.027 0.032 0.025 0.026 0.027 0.009 0.010 0.011 0.011 0.012 0.012 0.012 0.012 0.003 0.003 0.003 0.003
 237 24 2018 0.030 0.031 0.025 0.025 0.026 0.009 0.010 0.011 0.011 0.011 0.012 0.012 0.012 0.003 0.003 0.003 0.003
 238 24 2018 0.027 0.031 0.024 0.025 0.025 0.009 0.010 0.011 0.011 0.011 0.012 0.012 0.012 0.003 0.003 0.003 0.003
 239 24 2018 0.037 0.035 0.025 0.025 0.025 0.009 0.010 0.011 0.011 0.011 0.012 0.012 0.012 0.003 0.003 0.003 0.003
 240 24 2018 0.031 0.035 0.027 0.027 0.027 0.009 0.010 0.011 0.011 0.011 0.012 0.012 0.012 0.003 0.003 0.003 0.003
 241 24 2018 0.026 0.032 0.025 0.026 0.026 0.009 0.010 0.011 0.011 0.011 0.012 0.012 0.012 0.003 0.003 0.003 0.003
 242 24 2018 0.024 0.030 0.024 0.025 0.025 0.009 0.010 0.011 0.011 0.011 0.011 0.012 0.012 0.003 0.003 0.003 0.003
 243 24 2018 0.024 0.029 0.023 0.024 0.025 0.009 0.010 0.010 0.011 0.011 0.011 0.012 0.012 0.003 0.003 0.003 0.003
 244 24 2018 0.025 0.028 0.023 0.023 0.024 0.009 0.010 0.010 0.011 0.011 0.011 0.012 0.012 0.003 0.003 0.003 0.003
 245 24 2018 0.025 0.028 0.022 0.023 0.024 0.008 0.010 0.010 0.011 0.011 0.011 0.012 0.012 0.003 0.003 0.003 0.003
 246 24 2018 0.025 0.028 0.022 0.023 0.023 0.008 0.009 0.010 0.011 0.011 0.011 0.012 0.012 0.003 0.003 0.003 0.003
 247 24 2018 0.025 0.027 0.022 0.022 0.023 0.008 0.009 0.010 0.011 0.011 0.011 0.012 0.012 0.003 0.003 0.003 0.003
 248 24 2018 0.048 0.040 0.028 0.026 0.025 0.008 0.009 0.010 0.011 0.011 0.011 0.012 0.012 0.003 0.003 0.003 0.003
 249 24 2018 0.047 0.046 0.034 0.034 0.034 0.011 0.010 0.010 0.010 0.011 0.011 0.011 0.012 0.003 0.003 0.003 0.003
 250 24 2018 0.046 0.046 0.034 0.034 0.034 0.012 0.011 0.011 0.011 0.011 0.011 0.011 0.012 0.003 0.003 0.003 0.003
 251 24 2018 0.042 0.044 0.033 0.033 0.034 0.012 0.011 0.011 0.011 0.011 0.011 0.011 0.012 0.003 0.003 0.003 0.003
 252 24 2018 0.034 0.039 0.030 0.031 0.031 0.011 0.011 0.011 0.011 0.011 0.011 0.011 0.012 0.003 0.003 0.003 0.003
 253 24 2018 0.030 0.035 0.028 0.028 0.029 0.010 0.011 0.011 0.011 0.011 0.011 0.011 0.012 0.003 0.003 0.003 0.003
 254 24 2018 0.027 0.033 0.026 0.027 0.027 0.010 0.010 0.011 0.011 0.011 0.011 0.011 0.012 0.003 0.003 0.003 0.003
 255 24 2018 0.025 0.031 0.025 0.026 0.026 0.009 0.010 0.011 0.011 0.011 0.011 0.011 0.012 0.003 0.003 0.003 0.003
 256 24 2018 0.024 0.029 0.024 0.025 0.025 0.009 0.010 0.011 0.011 0.011 0.011 0.011 0.012 0.003 0.003 0.003 0.003
 257 24 2018 0.023 0.028 0.023 0.024 0.024 0.009 0.010 0.010 0.011 0.011 0.011 0.011 0.011 0.003 0.003 0.003 0.003
 258 24 2018 0.023 0.027 0.022 0.023 0.024 0.009 0.010 0.010 0.011 0.011 0.011 0.011 0.011 0.003 0.003 0.003 0.003
 259 24 2018 0.023 0.027 0.022 0.023 0.023 0.008 0.010 0.010 0.011 0.011 0.011 0.011 0.011 0.003 0.003 0.003 0.003
 260 24 2018 0.023 0.026 0.021 0.022 0.023 0.008 0.009 0.010 0.011 0.011 0.011 0.011 0.011 0.003 0.003 0.003 0.003
 261 24 2018 0.024 0.026 0.021 0.022 0.023 0.008 0.009 0.010 0.010 0.011 0.011 0.011 0.011 0.003 0.003 0.003 0.003
 262 24 2018 0.033 0.029 0.021 0.022 0.022 0.008 0.009 0.010 0.010 0.011 0.011 0.011 0.011 0.003 0.003 0.003 0.003
 263 24 2018 0.028 0.031 0.023 0.023 0.023 0.008 0.009 0.010 0.010 0.011 0.011 0.011 0.011 0.003 0.003 0.003 0.003
 264 24 2018 0.025 0.029 0.022 0.023 0.023 0.008 0.009 0.010 0.010 0.011 0.011 0.011 0.011 0.003 0.003 0.003 0.003
 265 24 2018 0.024 0.027 0.022 0.022 0.023 0.008 0.009 0.010 0.010 0.010 0.011 0.011 0.011 0.003 0.003 0.003 0.003
 266 24 2018 0.023 0.026 0.021 0.022 0.023 0.008 0.009 0.010 0.010 0.010 0.011 0.011 0.011 0.003 0.003 0.003 0.003
 267 24 2018 0.037 0.032 0.022 0.022 0.022 0.008 0.009 0.010 0.010 0.010 0.011 0.011 0.011 0.003 0.003 0.003 0.003
 268 24 2018 0.030 0.034 0.025 0.024 0.024 0.008 0.009 0.009 0.010 0.010 0.011 0.011 0.011 0.003 0.003 0.003 0.003
 269 24 2018 0.026 0.030 0.024 0.024 0.024 0.008 0.009 0.009 0.010 0.010 0.011 0.011 0.011 0.003 0.003 0.003 0.003
 270 24 2018 0.024 0.029 0.023 0.023 0.024 0.008 0.009 0.009 0.010 0.010 0.011 0.011 0.011 0.003 0.003 0.003 0.003
 271 24 2018 0.024 0.028 0.022 0.023 0.023 0.008 0.009 0.009 0.010 0.010 0.010 0.011 0.011 0.003 0.003 0.003 0.003
 272 24 2018 0.024 0.027 0.022 0.023 0.023 0.008 0.009 0.009 0.010 0.010 0.010 0.011 0.011 0.003 0.003 0.003 0.003
 273 24 2018 0.023 0.027 0.021 0.022 0.023 0.008 0.009 0.009 0.010 0.010 0.010 0.011 0.011 0.003 0.003 0.003 0.003
 274 24 2018 0.025 0.026 0.021 0.022 0.022 0.008 0.009 0.009 0.010 0.010 0.010 0.011 0.011 0.003 0.003 0.003 0.003
 275 24 2018 0.027 0.027 0.021 0.022 0.022 0.008 0.009 0.009 0.010 0.010 0.010 0.011 0.011 0.003 0.003 0.003 0.003
 276 24 2018 0.026 0.027 0.021 0.022 0.022 0.008 0.009 0.009 0.010 0.010 0.010 0.011 0.011 0.003 0.003 0.003 0.003
 277 24 2018 0.039 0.034 0.023 0.022 0.022 0.008 0.008 0.009 0.010 0.010 0.010 0.011 0.011 0.003 0.003 0.003 0.003
 278 24 2018 0.036 0.036 0.026 0.025 0.024 0.008 0.008 0.009 0.010 0.010 0.010 0.011 0.011 0.003 0.003 0.003 0.003
 279 24 2018 0.042 0.039 0.028 0.027 0.027 0.009 0.009 0.009 0.010 0.010 0.010 0.011 0.011 0.003 0.003 0.003 0.003
 280 24 2018 0.042 0.042 0.031 0.031 0.030 0.010 0.009 0.009 0.010 0.010 0.010 0.011 0.011 0.003 0.003 0.003 0.003
 281 24 2018 0.041 0.041 0.031 0.031 0.031 0.011 0.010 0.009 0.010 0.010 0.010 0.010 0.011 0.002 0.003 0.003 0.003
 282 24 2018 0.040 0.040 0.030 0.030 0.030 0.010 0.010 0.010 0.010 0.010 0.010 0.010 0.011 0.002 0.003 0.003 0.003
 283 24 2018 0.040 0.040 0.030 0.030 0.030 0.010 0.010 0.010 0.010 0.010 0.010 0.010 0.011 0.002 0.003 0.003 0.003
 284 24 2018 0.053 0.046 0.034 0.034 0.033 0.011 0.010 0.010 0.010 0.010 0.010 0.010 0.011 0.002 0.003 0.003 0.003
 285 24 2018 0.065 0.061 0.046 0.046 0.046 0.016 0.015 0.014 0.012 0.011 0.010 0.010 0.011 0.002 0.003 0.003 0.003
 286 24 2018 0.071 0.063 0.048 0.048 0.048 0.017 0.017 0.016 0.015 0.014 0.013 0.011 0.011 0.002 0.003 0.003 0.003
 287 24 2018 0.067 0.067 0.050 0.050 0.050 0.018 0.018 0.017 0.017 0.016 0.016 0.014 0.011 0.002 0.003 0.003 0.003
 288 24 2018 0.069 0.069 0.051 0.051 0.051 0.018 0.018 0.018 0.018 0.017 0.017 0.016 0.014 0.003 0.003 0.003 0.003
 289 24 2018 0.071 0.068 0.051 0.051 0.051 0.018 0.018 0.018 0.018 0.018 0.017 0.017 0.016 0.004 0.003 0.003 0.003
 290 24 2018 0.068 0.066 0.050 0.050 0.050 0.018 0.018 0.018 0.018 0.018 0.018 0.018 0.017 0.004 0.003 0.003 0.003
 291 24 2018 0.069 0.068 0.051 0.051 0.051 0.018 0.018 0.018 0.018 0.018 0.018 0.018 0.018 0.004 0.004 0.003 0.003
 292 24 2018 0.079 0.072 0.054 0.054 0.054 0.020 0.019 0.019 0.019 0.019 0.019 0.019 0.018 0.004 0.004 0.003 0.003
 293 24 2018 0.089 0.080 0.060 0.060 0.060 0.022 0.022 0.022 0.022 0.022 0.021 0.021 0.021 0.005 0.004 0.003 0.003
 294 24 2018 0.068 0.076 0.057 0.057 0.057 0.021 0.021 0.021 0.021 0.021 0.021 0.021 0.021 0.005 0.005 0.004 0.004
 295 24 2018 0.071 0.074 0.055 0.055 0.055 0.020 0.020 0.020 0.020 0.020 0.020 0.020 0.020 0.005 0.005 0.005 0.005
 296 24 2018 0.071 0.071 0.053 0.053 0.053 0.019 0.019 0.020 0.020 0.020 0.020 0.020 0.020 0.005 0.005 0.005 0.005
 297 24 2018 0.066 0.066 0.049 0.049 0.049 0.018 0.018 0.018 0.019 0.019 0.019 0.019 0.019 0.005 0.005 0.005 0.005
 298 24 2018 0.059 0.059 0.045 0.045 0.045 0.016 0.017 0.017 0.017 0.017 0.018 0.018 0.018 0.004 0.005 0.005 0.005
 299 24 2018 0.055 0.055 0.041 0.041 0.042 0.015 0.016 0.016 0.016 0.017 0.017 0.017 0.017 0.004 0.004 0.004 0.004
 300 24 2018 0.052 0.052 0.039 0.039 0.039 0.014 0.015 0.015 0.016 0.016 0.016 0.016 0.017 0.004 0.004 0.004 0.004
 301 24 2018 0.049 0.049 0.037 0.037 0.037 0.013 0.014 0.015 0.015 0.015 0.016 0.016 0.016 0.004 0.004 0.004 0.004
 302 24 2018 0.045 0.046 0.035 0.035 0.035 0.013 0.014 0.014 0.015 0.015 0.015 0.016 0.016 0.004 0.004 0.004 0.004
 303 24 2018 0.048 0.048 0.036 0.036 0.036 0.013 0.013 0.014 0.014 0.015 0.015 0.015 0.015 0.004 0.004 0.004 0.004
 304 24 2018 0.049 0.049 0.037 0.037 0.037 0.013 0.013 0.014 0.014 0.014 0.015 0.015 0.015 0.004 0.004 0.004 0.004
 305 24 2018 0.051 0.050 0.037 0.037 0.037 0.013 0.013 0.014 0.014 0.014 0.014 0.015 0.015 0.004 0.004 0.004 0.004
 306 24 2018 0.094 0.074 0.056 0.056 0.056 0.020 0.019 0.019 0.018 0.018 0.017 0.016 0.016 0.004 0.004 0.004 0.004
 307 24 2018 0.106 0.095 0.071 0.071 0.071 0.026 0.026 0.026 0.026 0.026 0.026 0.026 0.025 0.006 0.006 0.005 0.005
 308 24 2018 0.105 0.103 0.077 0.077 0.077 0.029 0.029 0.029 0.029 0.029 0.029 0.029 0.029 0.007 0.007 0.007 0.007
 309 24 2018 0.106 0.106 0.079 0.079 0.079 0.029 0.029 0.030 0.030 0.030 0.030 0.030 0.030 0.008 0.007 0.007 0.007
 310 24 2018 0.063 0.104 0.078 0.078 0.078 0.029 0.029 0.029 0.029 0.029 0.029 0.029 0.029 0.007 0.007 0.007 0.007
 311 24 2018 0.055 0.102 0.076 0.076 0.076 0.028 0.028 0.029 0.029 0.029 0.029 0.029 0.029 0.007 0.007 0.007 0.007
 312 24 2018 0.055 0.099 0.074 0.074 0.074 0.028 0.028 0.028 0.028 0.028 0.028 0.028 0.028 0.007 0.007 0.007 0.007
 313 24 2018 0.055 0.092 0.069 0.069 0.070 0.026 0.026 0.026 0.026 0.026 0.026 0.026 0.026 0.007 0.007 0.007 0.007
 314 24 2018 0.057 0.070 0.060 0.060 0.060 0.022 0.022 0.023 0.023 0.023 0.023 0.023 0.023 0.006 0.006 0.006 0.006
 315 24 2018 0.054 0.057 0.054 0.054 0.054 0.019 0.020 0.020 0.020 0.020 0.020 0.021 0.021 0.005 0.005 0.005 0.005
 316 24 2018 0.057 0.061 0.052 0.052 0.052 0.019 0.019 0.019 0.019 0.019 0.019 0.019 0.020 0.005 0.005 0.005 0.005
 317 24 2018 0.057 0.060 0.049 0.049 0.049 0.018 0.018 0.018 0.018 0.018 0.019 0.019 0.019 0.005 0.005 0.005 0.005
 318 24 2018 0.057 0.058 0.046 0.046 0.046 0.016 0.017 0.017 0.017 0.018 0.018 0.018 0.018 0.004 0.005 0.005 0.005
 319 24 2018 0.054 0.056 0.043 0.043 0.043 0.015 0.016 0.016 0.017 0.017 0.017 0.017 0.017 0.004 0.004 0.005 0.005
 320 24 2018 0.049 0.050 0.039 0.039 0.039 0.014 0.015 0.015 0.016 0.016 0.016 0.017 0.017 0.004 0.004 0.004 0.004
 321 24 2018 0.048 0.049 0.038 0.038 0.038 0.014 0.014 0.015 0.015 0.015 0.016 0.016 0.016 0.004 0.004 0.004 0.004
 322 24 2018 0.048 0.049 0.037 0.037 0.037 0.013 0.014 0.014 0.015 0.015 0.015 0.016 0.016 0.004 0.004 0.004 0.004
 323 24 2018 0.046 0.047 0.036 0.036 0.037 0.013 0.014 0.014 0.014 0.015 0.015 0.015 0.015 0.004 0.004 0.004 0.004
 324 24 2018 0.047 0.047 0.036 0.036 0.036 0.013 0.013 0.014 0.014 0.014 0.015 0.015 0.015 0.004 0.004 0.004 0.004
 325 24 2018 0.047 0.047 0.036 0.036 0.036 0.013 0.013 0.014 0.014 0.014 0.014 0.015 0.015 0.004 0.004 0.004 0.004
 326 24 2018 0.049 0.049 0.037 0.037 0.037 0.013 0.013 0.014 0.014 0.014 0.014 0.015 0.015 0.004 0.004 0.004 0.004
 327 24 2018 0.060 0.056 0.041 0.041 0.041 0.014 0.014 0.014 0.014 0.014 0.014 0.014 0.015 0.003 0.004 0.004 0.004
 328 24 2018 0.075 0.065 0.047 0.047 0.047 0.017 0.016 0.016 0.015 0.015 0.015 0.015 0.015 0.003 0.004 0.004 0.004
 329 24 2018 0.060 0.062 0.047 0.047 0.047 0.017 0.017 0.016 0.016 0.016 0.016 0.015 0.015 0.004 0.004 0.004 0.004
 330 24 2018 0.049 0.052 0.041 0.042 0.042 0.015 0.015 0.015 0.016 0.016 0.016 0.016 0.016 0.004 0.004 0.004 0.004
 331 24 2018 0.046 0.048 0.037 0.039 0.039 0.014 0.014 0.015 0.015 0.015 0.015 0.015 0.016 0.004 0.004 0.004 0.004
 332 24 2018 0.048 0.048 0.037 0.037 0.037 0.013 0.014 0.014 0.014 0.015 0.015 0.015 0.015 0.004 0.004 0.004 0.004
 333 24 2018 0.050 0.051 0.038 0.039 0.039 0.014 0.014 0.014 0.014 0.014 0.015 0.015 0.015 0.004 0.004 0.004 0.004
 334 24 2018 0.047 0.048 0.037 0.038 0.038 0.013 0.014 0.014 0.014 0.014 0.014 0.015 0.015 0.003 0.004 0.004 0.004
 335 24 2018 0.047 0.047 0.036 0.037 0.037 0.013 0.013 0.014 0.014 0.014 0.014 0.014 0.015 0.003 0.004 0.004 0.004
 336 24 2018 0.045 0.045 0.035 0.036 0.036 0.013 0.013 0.014 0.014 0.014 0.014 0.014 0.014 0.003 0.004 0.004 0.004
 337 24 2018 0.043 0.044 0.034 0.034 0.035 0.012 0.013 0.013 0.014 0.014 0.014 0.014 0.014 0.003 0.004 0.004 0.004
 338 24 2018 0.043 0.043 0.033 0.034 0.034 0.012 0.013 0.013 0.013 0.014 0.014 0.014 0.014 0.003 0.003 0.004 0.004
 339 24 2018 0.042 0.043 0.032 0.033 0.033 0.012 0.012 0.013 0.013 0.013 0.014 0.014 0.014 0.003 0.003 0.004 0.004
 340 24 2018 0.046 0.045 0.034 0.034 0.034 0.012 0.012 0.013 0.013 0.013 0.013 0.014 0.014 0.003 0.003 0.004 0.004
 341 24 2018 0.045 0.046 0.034 0.035 0.035 0.012 0.012 0.013 0.013 0.013 0.013 0.014 0.014 0.003 0.003 0.004 0.004
 342 24 2018 0.045 0.045 0.034 0.035 0.035 0.012 0.012 0.013 0.013 0.013 0.013 0.013 0.014 0.003 0.003 0.003 0.003
 343 24 2018 0.045 0.045 0.034 0.035 0.035 0.012 0.012 0.013 0.013 0.013 0.013 0.013 0.013 0.003 0.003 0.003 0.003
 344 24 2018 0.045 0.045 0.034 0.034 0.034 0.012 0.012 0.013 0.013 0.013 0.013 0.013 0.013 0.003 0.003 0.003 0.003
 345 24 2018 0.044 0.044 0.034 0.034 0.034 0.012 0.012 0.013 0.013 0.013 0.013 0.013 0.013 0.003 0.003 0.003 0.003
 346 24 2018 0.044 0.044 0.033 0.034 0.034 0.012 0.012 0.012 0.013 0.013 0.013 0.013 0.013 0.003 0.003 0.003 0.003
 347 24 2018 0.043 0.043 0.033 0.033 0.033 0.012 0.012 0.012 0.013 0.013 0.013 0.013 0.013 0.003 0.003 0.003 0.003
 348 24 2018 0.044 0.044 0.033 0.033 0.033 0.012 0.012 0.012 0.012 0.013 0.013 0.013 0.013 0.003 0.003 0.003 0.003
 349 24 2018 0.046 0.046 0.034 0.034 0.034 0.012 0.012 0.012 0.012 0.013 0.013 0.013 0.013 0.003 0.003 0.003 0.003
 350 24 2018 0.047 0.047 0.035 0.035 0.035 0.012 0.012 0.012 0.012 0.013 0.013 0.013 0.013 0.003 0.003 0.003 0.003
 351 24 2018 0.047 0.047 0.035 0.035 0.035 0.012 0.012 0.012 0.013 0.013 0.013 0.013 0.013 0.003 0.003 0.003 0.003
 352 24 2018 0.047 0.048 0.036 0.036 0.036 0.013 0.013 0.013 0.013 0.013 0.013 0.013 0.013 0.003 0.003 0.003 0.003
 353 24 2018 0.046 0.046 0.035 0.036 0.036 0.012 0.013 0.013 0.013 0.013 0.013 0.013 0.013 0.003 0.003 0.003 0.003
 354 24 2018 0.045 0.045 0.034 0.035 0.035 0.012 0.012 0.012 0.013 0.013 0.013 0.013 0.013 0.003 0.003 0.003 0.003
 355 24 2018 0.046 0.046 0.034 0.035 0.035 0.012 0.012 0.012 0.012 0.013 0.013 0.013 0.013 0.003 0.003 0.003 0.003
 356 24 2018 0.044 0.045 0.034 0.035 0.035 0.012 0.012 0.012 0.012 0.013 0.013 0.013 0.013 0.003 0.003 0.003 0.003
 357 24 2018 0.043 0.044 0.033 0.034 0.034 0.012 0.012 0.012 0.012 0.012 0.013 0.013 0.013 0.003 0.003 0.003 0.003
 358 24 2018 0.044 0.044 0.033 0.033 0.033 0.012 0.012 0.012 0.012 0.012 0.013 0.013 0.013 0.003 0.003 0.003 0.003
 359 24 2018 0.043 0.043 0.033 0.033 0.033 0.012 0.012 0.012 0.012 0.012 0.012 0.013 0.013 0.003 0.003 0.003 0.003
 360 24 2018 0.043 0.043 0.032 0.033 0.033 0.011 0.012 0.012 0.012 0.012 0.012 0.013 0.013 0.003 0.003 0.003 0.003
 361 24 2018 0.042 0.042 0.032 0.032 0.032 0.011 0.012 0.012 0.012 0.012 0.012 0.013 0.013 0.003 0.003 0.003 0.003
 362 24 2018 0.041 0.041 0.031 0.032 0.032 0.011 0.012 0.012 0.012 0.012 0.012 0.012 0.013 0.003 0.003 0.003 0.003
 363 24 2018 0.041 0.041 0.031 0.031 0.031 0.011 0.011 0.012 0.012 0.012 0.012 0.012 0.013 0.003 0.003 0.003 0.003
 364 24 2018 0.042 0.042 0.031 0.032 0.032 0.011 0.011 0.012 0.012 0.012 0.012 0.012 0.012 0.003 0.003 0.003 0.003
