
                                       SUMMARY OF WATER BALANCE

                                                              CHANGE IN STORAGE
                               PRECIP          PLANT   ------------------------------  DEEP                     CUM.
 DAY HR  YR   PRECIP  SNOWMELT INTRCP    ET    TRANSP  CANOPY   SNOW  RESIDUE   SOIL   PERC   RUNOFF   PONDED    ET    ERROR
                 MM      MM      MM      MM      MM      MM      MM      MM      MM      MM      MM      MM      MM      MM
   1 24 2018    0.00    0.00    0.00    1.31    0.91    0.00    0.00    0.00  -11.69   10.23    0.00    0.00     1.3    0.14
   2 24 2018    0.00    0.00    0.00    1.24    0.94   -0.01    0.00    0.00   -1.96    0.75    0.00    0.00     2.6   -0.02
   3 24 2018    0.00    0.00    0.00    0.93    0.73    0.00    0.00    0.00   -1.19    0.24    0.00    0.00     3.5    0.02
   4 24 2018    0.00    0.00    0.00    0.71    0.49    0.00    0.00    0.00   -1.13    0.09    0.00    0.00     4.2    0.32
   5 24 2018    0.04    0.03    0.01    0.69    0.50    0.00    0.00    0.00   -0.74    0.07    0.00    0.03     4.9   -0.02
   6 24 2018    1.04    3.50    0.03    0.90    0.30    0.01    0.00    0.00   -0.44    0.06    0.00    0.28     5.8    0.24
   7 24 2018    1.92    1.18    0.00    0.74    0.06   -0.01    1.77    0.00   -0.68    0.04    0.00    0.00     6.5    0.37
   8 24 2018    0.00    0.26    0.00    0.45    0.44    0.00   -0.25    0.00   -0.23    0.02    0.00    0.00     7.0    0.00
   9 24 2018    0.13    1.18    0.04    0.65    0.60    0.00   -1.52    0.00    0.97    0.01    0.00    0.00     7.6   -0.02
  10 24 2018    2.96    1.26    0.09    1.16    0.24    0.00    1.89    0.00   -0.18    0.01    0.00    0.00     8.8    0.03
  11 24 2018    2.08    0.00    0.05    0.82    0.00    0.00    1.54    0.00   -0.24    0.00    0.00    0.00     9.6    0.00
  12 24 2018    3.88    0.00    0.01    1.30    0.00    0.00    2.72    0.00   -0.20    0.00    0.00    0.00    10.9    0.09
  13 24 2018    0.96    0.00    0.00    0.32    0.00    0.00    0.73    0.00   -0.31    0.00    0.00    0.00    11.2    0.22
  14 24 2018    0.04    0.00    0.01    0.08    0.01   -0.01    0.09    0.00   -0.09    0.00    0.00    0.00    11.3   -0.05
  15 24 2018    0.96    0.00    0.00    0.36    0.00    0.00    0.75    0.00   -0.14    0.00    0.00    0.00    11.7    0.00
  16 24 2018    0.00    0.00    0.00    0.01    0.00    0.00    0.08    0.00   -0.81    0.00    0.00    0.00    11.7    0.72
  17 24 2018    0.00    0.00    0.00    0.01    0.01    0.01    0.00    0.00   -0.03    0.00    0.00    0.00    11.7    0.01
  18 24 2018    0.00    0.04    0.00    0.07    0.05    0.00   -0.14    0.00    0.00    0.00    0.00    0.00    11.7    0.07
  19 24 2018    0.00    0.26    0.00    0.29    0.27    0.00   -0.29    0.00    0.00    0.00    0.00    0.00    12.0    0.00
  20 24 2018    0.58    0.47    0.19    0.32    0.32    0.01   -0.04    0.00    0.11    0.00    0.00    0.00    12.4    0.00
  21 24 2018   13.42    0.00    2.47    0.78    0.00    0.00   10.44    0.00   -0.08    0.00    0.00    0.00    13.1    0.00
  22 24 2018    0.04    0.00    0.01    2.50    0.00    0.00    0.04    0.00   -0.03    0.00    0.00    0.00    15.6    0.00
  23 24 2018    0.96    0.00    0.00    0.35    0.00   -0.01    0.67    0.00   -0.04    0.00    0.00    0.00    16.0   -0.01
  24 24 2018    0.00    0.00    0.00    0.02    0.01    0.00    0.00    0.00   -0.06    0.00    0.00    0.00    16.0    0.04
  25 24 2018    0.08    0.00    0.03    0.04    0.03    0.01    0.04    0.00   -0.03    0.00    0.00    0.00    16.1    0.00
  26 24 2018    1.92    0.00    0.00    0.68    0.00   -0.01    1.32    0.00   -0.13    0.00    0.00    0.00    16.7    0.07
  27 24 2018    0.00    0.00    0.00    0.01    0.00    0.00    0.03    0.00   -0.05    0.00    0.00    0.00    16.7    0.01
  28 24 2018    0.00    0.00    0.00   -0.08    0.00    0.01    0.01    0.00   -0.08    0.00    0.00    0.00    16.7    0.15
  29 24 2018    0.00    0.00    0.00    0.03    0.01   -0.01    0.00    0.00   -0.02    0.00    0.00    0.00    16.7   -0.01
  30 24 2018    0.08    0.00    0.03    0.06    0.03    0.00   -0.02    0.00    0.02    0.00    0.00    0.00    16.8   -0.01
  31 24 2018    2.33    0.00    0.14    0.71    0.02    0.01    1.50    0.00    0.01    0.00    0.00    0.00    17.5    0.00
  32 24 2018    9.58    0.00    0.19    3.06    0.00    0.00    6.51    0.00   -0.03    0.00    0.00    0.00    20.5    0.00
  33 24 2018    0.13    0.00    0.04    0.27    0.02    0.00    0.07    0.00   -0.05    0.00    0.00    0.00    20.8   -0.01
  34 24 2018    3.04    0.00    0.05    1.07    0.01    0.00    2.03    0.00   -0.15    0.00    0.00    0.00    21.9    0.08
  35 24 2018    4.25    0.00    0.13    1.29    0.01    0.01    2.87    0.00   -0.24    0.00    0.00    0.00    23.2    0.25
  36 24 2018    9.58    0.00    1.06    2.18    0.00   -0.01    6.50    0.00   -0.01    0.00    0.00    0.00    25.3   -0.01
  37 24 2018    0.00    0.00    0.00    1.14    0.01   -0.01   -0.02    0.00   -0.03    0.00    0.00    0.00    26.5   -0.02
  38 24 2018    0.00    0.00    0.00    0.01    0.01    0.01    0.00    0.00   -0.03    0.00    0.00    0.00    26.5    0.02
  39 24 2018    0.29    0.00    0.09    0.05    0.02    0.00    0.18    0.00   -0.02    0.00    0.00    0.00    26.5   -0.01
  40 24 2018    7.25    0.00    0.68    1.75    0.02    0.00    4.89    0.00   -0.06    0.00    0.00    0.00    28.3    0.09
  41 24 2018   12.50    0.00    2.43    0.95    0.00    0.00    9.83    0.00   -0.02    0.00    0.00    0.00    29.2   -0.01
  42 24 2018    1.04    0.00    0.05    2.72    0.00    0.00    0.74    0.00   -0.08    0.00    0.00    0.00    32.0    0.04
  43 24 2018    1.92    0.00    0.15    0.51    0.01    0.01    1.33    0.00   -0.29    0.00    0.00    0.00    32.5    0.26
  44 24 2018    0.00    0.00    0.00    0.21    0.02    0.00   -0.01    0.00   -0.02    0.00    0.00    0.00    32.7   -0.02
  45 24 2018    0.00    0.00    0.00    0.05    0.04    0.00   -0.04    0.00   -0.04    0.00    0.00    0.00    32.7    0.03
  46 24 2018    0.00    0.00    0.00    0.10    0.01    0.00   -0.05    0.00   -0.03    0.00    0.00    0.00    32.8   -0.02
  47 24 2018    0.00    0.00    0.00    0.07    0.02   -0.01   -0.01    0.00   -0.05    0.00    0.00    0.00    32.9    0.00
  48 24 2018    0.00    0.00    0.00    0.08    0.01    0.00   -0.04    0.00   -0.04    0.00    0.00    0.00    33.0    0.01
  49 24 2018    0.00    0.00    0.00    0.04    0.03    0.01   -0.04    0.00   -0.01    0.00    0.00    0.00    33.0    0.00
  50 24 2018    0.00    0.00    0.00    0.10    0.02   -0.01   -0.04    0.00   -0.04    0.00    0.00    0.00    33.1   -0.01
  51 24 2018    0.00    0.00    0.00    0.06    0.00    0.00    0.00    0.00   -0.05    0.00    0.00    0.00    33.2    0.00
  52 24 2018    0.00    0.00    0.00    0.06    0.00    0.00    0.00    0.00   -0.04    0.00    0.00    0.00    33.2   -0.01
  53 24 2018    0.25    0.00    0.08    0.08    0.00    0.00    0.13    0.00   -0.03    0.00    0.00    0.00    33.3    0.00
  54 24 2018    5.79    0.00    0.72    1.23    0.00    0.00    3.96    0.00   -0.20    0.00    0.00    0.00    34.5    0.17
  55 24 2018    1.00    0.00    0.01    1.06    0.00    0.00    0.67    0.00   -0.02    0.00    0.00    0.00    35.6    0.00
  56 24 2018    0.96    0.00    0.00    0.37    0.00    0.00    0.63    0.00   -0.02    0.00    0.00    0.00    36.0    0.00
  57 24 2018    0.00    0.00    0.00    0.04    0.00    0.00   -0.01    0.00   -0.01    0.00    0.00    0.00    36.0   -0.01
  58 24 2018    0.04    0.00    0.01    0.02    0.01    0.00    0.02    0.00   -0.01    0.00    0.00    0.00    36.0    0.00
  59 24 2018    0.96    0.00    0.05    0.26    0.00    0.01    0.66    0.00   -0.38    0.00    0.00    0.00    36.3    0.38
  60 24 2018    0.00    0.00    0.00    0.06    0.01    0.00   -0.01    0.00   -0.05    0.00    0.00    0.00    36.3    0.05
  61 24 2018    0.00    0.00    0.00    0.09    0.02   -0.01   -0.07    0.00    0.04    0.00    0.00    0.00    36.4   -0.04
  62 24 2018    0.00    0.21    0.00    0.16    0.14    0.00   -0.29    0.00    0.15    0.00    0.00    0.00    36.6   -0.01
  63 24 2018    0.00    0.77    0.00    0.48    0.39    0.00   -0.89    0.00    0.42    0.00    0.00    0.00    37.1   -0.01
  64 24 2018    0.08    0.00    0.03    0.16    0.00    0.00   -0.04    0.00   -0.05    0.00    0.00    0.00    37.2   -0.01
  65 24 2018    1.92    0.00    0.00    0.80    0.00    0.00    1.19    0.00   -0.60    0.00    0.00    0.00    38.0    0.57
  66 24 2018    0.00    0.00    0.00    0.04    0.01    0.00   -0.02    0.00   -0.05    0.00    0.00    0.00    38.1    0.03
  67 24 2018    0.17    0.00    0.05    0.01    0.02    0.01    0.08    0.00    0.00    0.00    0.00    0.00    38.1    0.02
  68 24 2018    3.88    0.00    0.15    1.19    0.03    0.01    2.58    0.00   -0.13    0.00    0.00    0.00    39.3    0.14
  69 24 2018    0.96    0.00    0.00    0.49    0.00   -0.01    0.65    0.00   -0.13    0.00    0.00    0.00    39.8    0.12
  70 24 2018    0.00    0.00    0.00    0.02    0.02    0.00   -0.01    0.00   -0.02    0.00    0.00    0.00    39.8    0.00
  71 24 2018    0.00    0.00    0.00    0.06    0.03    0.00   -0.04    0.00   -0.01    0.00    0.00    0.00    39.8    0.00
  72 24 2018    0.00    3.20    0.00    0.56    0.53    0.00   -3.24    0.00    2.70    0.00    0.00    0.00    40.4   -0.02
  73 24 2018    0.08   10.69    0.03    1.34    1.33    0.00  -10.64    0.00    5.32    0.00    0.00    4.04    41.7    0.00
  74 24 2018    1.92    2.45    0.00    1.67    0.95    0.00   -1.22    0.00    0.19    0.00    0.00    5.36    43.4    0.00
  75 24 2018    0.00    1.43    0.00    1.46    1.08   -0.01   -1.77    0.00   -0.03    0.00    0.00    5.73    44.9   -0.01
  76 24 2018    0.21   11.48    0.07    1.37    1.33    0.00  -11.36    0.00   -0.15    0.00    0.00   16.02    46.2   -0.01
  77 24 2018    4.79    0.05    0.26    1.63    0.22    0.00    3.16    0.00   -0.19    0.00    0.00   15.94    47.9    0.09
  78 24 2018    0.04    0.00    0.01    0.51    0.16    0.00   -0.04    0.00   -0.15    0.00    0.00   15.92    48.4   -0.01
  79 24 2018    0.96    0.00    0.00    0.45    0.01    0.00    0.55    0.00   -0.09    0.00    0.00   15.91    48.8    0.08
  80 24 2018    0.04    0.18    0.01    0.79    0.79    0.01   -0.18    0.00    0.13    0.00    0.00   15.19    49.6    0.00
  81 24 2018    1.21    6.11    0.08    1.83    1.50    0.01   -5.32    0.00    0.28    0.00    0.00   19.43    51.5    0.12
  82 24 2018    5.75    9.00    0.09    2.81    0.86    0.00   -5.22    0.00    0.27    0.00    7.30   19.99    54.3    0.01
  83 24 2018    0.04    9.14    0.01    1.90    1.73   -0.01   -9.13    0.00    0.02    0.00    7.48   19.89    56.2   -0.03
  84 24 2018    1.38    7.15    0.20    2.05    1.71    0.01   -6.26    0.00    0.05    0.00    5.13   19.96    58.2    0.16
  85 24 2018    9.67    4.95    1.24    2.61    0.47   -0.01    1.58    0.00   -0.10    0.00    4.51   19.99    60.8    0.01
  86 24 2018    2.21    0.00    0.09    1.92    0.00   -0.01    1.49    0.00   -0.01    0.00    0.00   19.97    62.7   -0.01
  87 24 2018    6.79    0.00    0.64    1.73    0.05    0.01    4.57    0.00   -0.31    0.00    0.00   19.95    64.5    0.27
  88 24 2018    1.92    0.00    0.00    1.28    0.02    0.00    1.32    0.00   -0.19    0.00    0.00   19.94    65.8    0.16
  89 24 2018    0.00    0.56    0.00    0.89    0.84    0.00   -0.61    0.00   -0.30    0.00    0.50   19.50    66.6   -0.04
  90 24 2018    0.29    2.65    0.09    1.29    1.25    0.00   -2.49    0.00    0.22    0.00    0.90   19.81    67.9   -0.03
  91 24 2018    6.83    4.70    0.04    4.16    1.80   -0.01   -0.18    0.00    0.48    0.00    2.64   19.61    72.1   -0.01
  92 24 2018    2.88   13.15    0.00    4.21    3.17    0.00  -11.20    0.00    0.30    0.00    9.43   19.77    76.3    0.02
  93 24 2018    0.00    4.95    0.00    2.15    1.26   -0.01   -5.56    0.00   -0.26    0.00    3.82   19.66    78.5   -0.02
  94 24 2018    0.00    3.55    0.00    3.00    2.34    0.01   -3.49    0.00    0.15    0.00    2.02   17.96    81.4    0.01
  95 24 2018    0.67    0.45    0.22    2.01    1.72    0.01    0.00    0.00   -0.15    0.00    0.00   16.53    83.5    0.01
  96 24 2018   15.58    0.00    2.60    0.48    0.00    0.00   13.40    0.00    5.73    0.02    0.00   10.10    83.9   -0.01
  97 24 2018    6.21    2.19    1.76    2.12    0.00    0.01    2.68    0.00    0.33    0.06    0.00   11.95    86.1    0.00
  98 24 2018   10.67    2.83    1.23    3.85    0.00   -0.02    4.58    0.00   -0.07    0.05    0.00   14.76    89.9   -0.01
  99 24 2018    2.88    3.46    0.00    3.34    1.17    0.00   -1.47    0.00   -0.46    0.04    0.00   17.41    93.2    0.00
 100 24 2018    0.00    5.02    0.00    2.69    2.66    0.00   -5.02    0.00   -0.59    0.03    0.44   19.88    95.9   -0.02
 101 24 2018    0.04    9.71    0.01    3.91    3.87    0.00   -9.67    0.00    0.64    0.03    5.98   19.04    99.8   -0.02
 102 24 2018    0.96    5.42    0.00    4.72    3.96    0.01   -4.50    0.00    1.02    0.03    1.36   17.36   104.6    0.02
 103 24 2018    0.04    0.17    0.01    1.32    0.18   -0.01    0.00    0.00   -0.68    0.06    0.00   16.71   105.9   -0.02
 104 24 2018    1.00    4.17    0.02    2.87    1.52    0.01    0.00    0.00    0.55    0.06    0.00   14.20   108.8    0.01
 105 24 2018    0.96    2.89    0.00    3.83    2.58    0.00    0.00    0.00    0.54    0.10    0.00   10.72   112.6   -0.01
 106 24 2018    0.13    0.00    0.04    3.30    2.71   -0.01    0.00    0.00   -0.54    0.09    0.00    8.00   115.9   -0.04
 107 24 2018    2.88    1.80    0.00    3.38    1.48    0.00    0.76    0.00   -0.04    0.06    0.00    6.75   119.3    0.00
 108 24 2018    0.00    0.48    0.00    2.74    2.25    0.00   -0.76    0.00    0.38    0.05    0.00    4.47   122.0   -0.12
 109 24 2018    0.25    0.31    0.08    2.94    2.26    0.01    0.00    0.00   -0.70    0.05    0.00    2.24   125.0    0.10
 110 24 2018    5.96    1.72    0.84    1.24    0.04    0.00    3.22    0.00    1.92    1.05    0.00    0.00   126.2    0.00
 111 24 2018    4.79    0.00    0.30    2.12    0.00    0.01    3.38    0.00   -0.68    0.47    0.00    0.00   128.3    0.04
 112 24 2018    0.04    4.73    0.01    2.15    1.82    0.00   -4.61    0.00   -0.43    0.29    0.00    2.96   130.5   -0.03
 113 24 2018    1.50    1.86    0.23    3.93    3.30    0.00   -1.98    0.00    0.65    1.22    0.00    0.42   134.4    0.00
 114 24 2018   12.46    0.00    2.59    0.33    0.00   -0.01   10.45    0.00   -0.56    0.53    0.00    0.00   134.7   -0.22
 115 24 2018    0.00    5.18    0.00    4.17    1.57    0.00   -5.07    0.00    0.30    0.39    0.00    2.81   138.9   -0.01
 116 24 2018    0.00    4.21    0.00    1.80    1.77    0.00   -4.01    0.00    0.36    0.85    0.00    3.82   140.7   -0.01
 117 24 2018    0.00    0.57    0.00    3.54    3.04    0.01   -1.37    0.00    0.04    0.48    0.00    1.13   144.2   -0.01
 118 24 2018    0.00    0.00    0.00    3.56    2.85    0.01    0.00    0.00   -2.83    0.51    0.00    0.00   147.8   -0.12
 119 24 2018    0.00    0.00    0.00    4.26    3.37   -0.01    0.00    0.00   -4.58    0.31    0.00    0.00   152.0    0.02
 120 24 2018    0.08    0.06    0.03    4.23    3.24    0.01    0.00    0.00   -4.38    0.19    0.00    0.00   156.3    0.01
 121 24 2018    2.75    2.01    0.42    1.73    0.83    0.00    0.00    0.00   -0.01    0.14    0.00    0.50   158.0    0.00
 122 24 2018   20.21    0.98    2.61    0.15    0.00    0.00   17.50    0.00    0.75    0.12    0.00    0.00   158.2    0.00
 123 24 2018   23.96    4.38    2.55    0.29    0.00    0.00   19.37    0.00    4.27    0.10    0.00    0.00   158.4   -0.01
 124 24 2018    0.00    4.28    0.00    3.36    0.81    0.00   -4.29    0.00    3.36    0.09    0.00    0.00   161.8    0.02
 125 24 2018    0.00   10.59    0.00    3.43    3.41    0.00  -10.58    0.00    5.56    0.55    0.00    1.16   165.2   -0.13
 126 24 2018    0.00   10.75    0.00    2.64    2.62    0.00  -10.69    0.00   -1.63   11.02    0.00    0.00   167.9   -0.18
 127 24 2018    0.00   11.43    0.00    3.41    3.39    0.00  -11.32    0.00   -0.13    7.77    0.00    0.00   171.3    0.27
 128 24 2018    0.00    0.00    0.00    5.31    3.96    0.00    0.00    0.00   -6.07    0.90    0.00    0.00   176.6   -0.13
 129 24 2018    0.00    0.00    0.00    5.05    3.79    0.00    0.00    0.00   -5.37    0.32    0.00    0.00   181.7   -0.01
 130 24 2018    0.04    0.00    0.01    5.49    4.11    0.01    0.00    0.00   -5.63    0.14    0.00    0.00   187.1    0.01
 131 24 2018    1.04    0.06    0.09    2.65    1.84    0.00    0.00    0.00   -1.72    0.04    0.00    0.00   189.8    0.00
 132 24 2018    2.38    0.06    0.36    1.77    0.60    0.00    0.00    0.00    0.31    0.04    0.00    0.00   191.6   -0.02
 133 24 2018   10.58    1.70    2.17    2.00    0.00   -0.01    0.00    0.00    6.75    0.04    0.00    0.00   193.6   -0.01
 134 24 2018    0.96    0.14    1.02    1.75    0.00    0.00    0.00    0.00    0.29    0.04    0.00    0.00   195.3    0.02
 135 24 2018    0.00    0.00    0.00    3.00    1.31    0.00    0.00    0.00   -2.03    0.06    0.00    0.00   198.3   -0.02
 136 24 2018    0.00    0.00    0.00    5.09    3.71    0.00    0.00    0.00   -5.79    0.74    0.00    0.00   203.4   -0.04
 137 24 2018    0.04    0.00    0.01    5.43    3.91   -0.01    0.00    0.00   -5.64    0.29    0.00    0.00   208.8   -0.04
 138 24 2018    1.63    0.59    0.22    2.00    1.20    0.01    0.00    0.00   -0.71    0.08    0.00    0.00   210.8    0.03
 139 24 2018   15.42    3.31    2.63    0.68    0.00    0.00    4.19    0.00    8.01    0.13    0.00    0.00   211.5    0.00
 140 24 2018    1.92    5.32    1.47    1.67    0.00    0.00   -4.19    0.00    4.25    1.36    0.00    0.00   213.2    0.00
 141 24 2018    0.04    0.03    0.01    4.62    2.09    0.00    0.00    0.00   -4.50    1.42    0.00    0.00   217.8   -0.05
 142 24 2018    0.96    0.14    0.00    3.85    2.53    0.01    0.00    0.00   -3.29    0.41    0.00    0.00   221.6   -0.01
 143 24 2018    0.00    0.00    0.00    3.23    2.24    0.00    0.00    0.00   -3.39    0.16    0.00    0.00   224.9    0.00
 144 24 2018    0.00    0.00    0.00    5.25    3.80   -0.01    0.00    0.00   -5.32    0.07    0.00    0.00   230.1    0.02
 145 24 2018    0.00    0.00    0.00    5.11    3.84    0.02    0.00    0.00   -5.16    0.03    0.00    0.00   235.2    0.01
 146 24 2018    0.00    0.00    0.00    4.66    3.36   -0.03    0.00    0.00   -4.63    0.01    0.00    0.00   239.9   -0.02
 147 24 2018    0.04    0.00    0.01    1.84    0.98    0.02    0.00    0.00   -1.84    0.01    0.00    0.00   241.7   -0.01
 148 24 2018    0.96    0.00    0.00    1.02    0.18   -0.01    0.00    0.00   -0.09    0.01    0.00    0.00   242.8    0.04
 149 24 2018    0.00    0.00    0.00    1.20    0.41   -0.01    0.00    0.00   -1.20    0.00    0.00    0.00   244.0    0.00
 150 24 2018    0.00    0.00    0.00    0.79    0.34    0.00    0.00    0.00   -0.78    0.00    0.00    0.00   244.7   -0.01
 151 24 2018    0.00    0.00    0.00    0.56    0.26   -0.01    0.00    0.00   -0.57    0.00    0.00    0.00   245.3    0.02
 152 24 2018    0.00    0.00    0.00    0.54    0.18    0.00    0.00    0.00   -0.53    0.00    0.00    0.00   245.9   -0.02
 153 24 2018    0.00    0.00    0.00    0.34    0.11    0.02    0.00    0.00   -0.37    0.00    0.00    0.00   246.2    0.01
 154 24 2018    0.00    0.00    0.00    0.22    0.05   -0.01    0.00    0.00   -0.21    0.00    0.00    0.00   246.4   -0.01
 155 24 2018    0.00    0.00    0.00    0.39    0.09    0.00    0.00    0.00   -0.38    0.00    0.00    0.00   246.8   -0.01
 156 24 2018    0.00    0.00    0.00    0.27    0.05    0.00    0.00    0.00   -0.29    0.00    0.00    0.00   247.1    0.01
 157 24 2018    0.00    0.00    0.00    0.15    0.00    0.01    0.00    0.00   -0.18    0.00    0.00    0.00   247.2    0.02
 158 24 2018    0.00    0.00    0.00    0.26    0.00   -0.02    0.00    0.00   -0.25    0.00    0.00    0.00   247.5    0.00
 159 24 2018    0.00    0.00    0.00    0.18    0.00    0.01    0.00    0.00   -0.18    0.00    0.00    0.00   247.7   -0.01
 160 24 2018    0.00    0.00    0.00    0.22    0.00    0.00    0.00    0.00   -0.22    0.00    0.00    0.00   247.9    0.00
 161 24 2018    0.00    0.00    0.00    0.21    0.01    0.01    0.00    0.00   -0.23    0.00    0.00    0.00   248.1    0.01
 162 24 2018    0.00    0.00    0.00    0.24    0.01   -0.01    0.00    0.00   -0.22    0.00    0.00    0.00   248.3   -0.01
 163 24 2018    0.00    0.00    0.00    0.06    0.00    0.02    0.00    0.00   -0.12    0.00    0.00    0.00   248.4    0.02
 164 24 2018    0.00    0.00    0.00    0.15    0.00   -0.01    0.00    0.00   -0.15    0.00    0.00    0.00   248.6    0.00
 165 24 2018    0.04    0.00    0.01    0.16    0.00   -0.01    0.00    0.00   -0.13    0.00    0.00    0.00   248.7   -0.01
 166 24 2018    1.04    0.00    0.03    0.83    0.00    0.04    0.00    0.00    0.16    0.00    0.00    0.00   249.5    0.00
 167 24 2018    3.08    0.00    0.45    1.34    0.00    0.00    0.00    0.00    1.31    0.00    0.00    0.00   250.9    0.01
 168 24 2018   26.83    0.00    2.63    0.91    0.00   -0.01    0.00    0.00   23.75    0.00    0.00    0.00   251.8    0.00
 169 24 2018    0.13    0.00    0.04    3.87    0.16    0.01    0.00    0.00   -1.18    0.01    0.00    0.00   255.7    0.00
 170 24 2018    2.88    0.00    0.20    2.04    0.59    0.00    0.00    0.00    0.61    0.06    0.00    0.00   257.7    0.01
 171 24 2018    0.00    0.00    0.00    2.68    1.72    0.00    0.00    0.00   -2.55    0.08    0.00    0.00   260.4   -0.01
 172 24 2018    0.00    0.00    0.00    5.10    3.43    0.01    0.00    0.00   -5.17    0.05    0.00    0.00   265.5    0.01
 173 24 2018    0.00    0.00    0.00    7.10    4.58   -0.02    0.00    0.00   -7.10    0.02    0.00    0.00   272.6    0.00
 174 24 2018    0.17    0.00    0.05    2.92    1.88    0.00    0.00    0.00   -2.85    0.01    0.00    0.00   275.5    0.03
 175 24 2018    3.83    0.00    0.00    2.58    0.28    0.00    0.00    0.00    1.29    0.01    0.00    0.00   278.1    0.01
 176 24 2018    0.00    0.00    0.00    2.96    1.75   -0.01    0.00    0.00   -2.95    0.01    0.00    0.00   281.1   -0.01
 177 24 2018    0.00    0.00    0.00    1.08    0.60   -0.01    0.00    0.00   -1.09    0.01    0.00    0.00   282.1    0.01
 178 24 2018    0.00    0.00    0.00    0.65    0.32    0.00    0.00    0.00   -0.66    0.01    0.00    0.00   282.8    0.00
 179 24 2018    0.00    0.00    0.00    0.56    0.21   -0.01    0.00    0.00   -0.55    0.01    0.00    0.00   283.3   -0.01
 180 24 2018    0.04    0.00    0.01    0.35    0.11    0.03    0.00    0.00   -0.37    0.01    0.00    0.00   283.7    0.01
 181 24 2018    0.96    0.00    0.00    0.83    0.00    0.00    0.00    0.00    0.12    0.00    0.00    0.00   284.5    0.02
 182 24 2018    0.00    0.00    0.00    0.59    0.09   -0.01    0.00    0.00   -0.56    0.00    0.00    0.00   285.1   -0.03
 183 24 2018    0.00    0.00    0.00    0.40    0.07   -0.01    0.00    0.00   -0.38    0.00    0.00    0.00   285.5   -0.01
 184 24 2018    0.00    0.00    0.00    0.18    0.01    0.00    0.00    0.00   -0.21    0.00    0.00    0.00   285.7    0.02
 185 24 2018    0.00    0.00    0.00    0.07    0.00    0.03    0.00    0.00   -0.13    0.00    0.00    0.00   285.8    0.02
 186 24 2018    0.00    0.00    0.00    0.08    0.00    0.00    0.00    0.00   -0.12    0.00    0.00    0.00   285.9    0.03
 187 24 2018    0.29    0.00    0.10    0.19    0.01   -0.01    0.00    0.00    0.00    0.00    0.00    0.00   286.0    0.01
 188 24 2018    6.71    0.00    0.43    3.22    0.30    0.02    0.00    0.00    3.14    0.00    0.00    0.00   289.3    0.00
 189 24 2018    0.00    0.00    0.00    2.61    1.21    0.00    0.00    0.00   -2.21    0.00    0.00    0.00   291.9    0.02
 190 24 2018    0.00    0.00    0.00    0.70    0.25   -0.03    0.00    0.00   -0.68    0.00    0.00    0.00   292.6    0.00
 191 24 2018    0.00    0.00    0.00    0.45    0.13   -0.02    0.00    0.00   -0.49    0.00    0.00    0.00   293.0    0.05
 192 24 2018    0.08    0.00    0.03    0.27    0.04    0.02    0.00    0.00   -0.28    0.00    0.00    0.00   293.3    0.05
 193 24 2018    2.00    0.00    0.03    1.32    0.00    0.02    0.00    0.00    0.63    0.00    0.00    0.00   294.6    0.03
 194 24 2018    1.92    0.00    0.00    1.86    0.01   -0.01    0.00    0.00    0.08    0.00    0.00    0.00   296.5    0.01
 195 24 2018    0.50    0.00    0.16    0.66    0.05    0.00    0.00    0.00   -0.34    0.00    0.00    0.00   297.1    0.01
 196 24 2018   11.58    0.00    2.64    1.44    0.00    0.00    0.00    0.00    7.63    0.00    0.00    0.00   298.6    0.03
 197 24 2018    1.92    0.00    0.06    5.03    0.82    0.01    0.00    0.00   -0.50    0.00    0.00    0.00   303.6   -0.03
 198 24 2018    0.00    0.00    0.00    3.98    2.54   -0.02    0.00    0.00   -3.89    0.00    0.00    0.00   307.6   -0.02
 199 24 2018    0.00    0.00    0.00    1.87    0.92    0.00    0.00    0.00   -1.89    0.00    0.00    0.00   309.4    0.01
 200 24 2018    0.00    0.00    0.00    0.80    0.36   -0.01    0.00    0.00   -0.80    0.00    0.00    0.00   310.3    0.00
 201 24 2018    0.04    0.00    0.01    0.42    0.14    0.00    0.00    0.00   -0.39    0.00    0.00    0.00   310.7   -0.01
 202 24 2018    1.58    0.00    0.20    0.95    0.00    0.02    0.00    0.00    0.42    0.00    0.00    0.00   311.6    0.00
 203 24 2018   14.88    0.00    1.87    4.36    0.41    0.02    0.00    0.00    8.80    0.00    0.00    0.00   316.0    0.02
 204 24 2018   11.50    0.00    2.64    1.66    0.00   -0.01    0.00    0.00    9.07    0.00    0.00    0.00   317.6    0.01
 205 24 2018    0.13    0.00    0.04    4.13    0.56    0.00    0.00    0.00   -1.37    0.00    0.00    0.00   321.8   -0.04
 206 24 2018    2.96    0.00    0.22    4.07    2.12    0.00    0.00    0.00   -1.31    0.01    0.00    0.00   325.8    0.01
 207 24 2018    1.96    0.00    0.08    3.65    1.86    0.00    0.00    0.00   -1.57    0.01    0.00    0.00   329.5    0.02
 208 24 2018    0.96    0.00    0.00    4.47    2.63   -0.01    0.00    0.00   -3.44    0.01    0.00    0.00   334.0    0.01
 209 24 2018    0.00    0.00    0.00    3.20    2.25    0.01    0.00    0.00   -3.23    0.01    0.00    0.00   337.2    0.01
 210 24 2018    0.00    0.00    0.00    3.07    1.83   -0.01    0.00    0.00   -3.06    0.01    0.00    0.00   340.2    0.00
 211 24 2018    0.00    0.00    0.00    0.98    0.50   -0.02    0.00    0.00   -0.96    0.01    0.00    0.00   341.2   -0.01
 212 24 2018    0.00    0.00    0.00    0.72    0.36    0.02    0.00    0.00   -0.75    0.01    0.00    0.00   341.9    0.01
 213 24 2018    0.00    0.00    0.00    0.41    0.17    0.00    0.00    0.00   -0.42    0.01    0.00    0.00   342.3    0.01
 214 24 2018    0.13    0.00    0.04    0.45    0.17   -0.01    0.00    0.00   -0.39    0.01    0.00    0.00   342.8    0.03
 215 24 2018    2.88    0.00    0.00    1.95    0.01    0.00    0.00    0.00    0.96    0.01    0.00    0.00   344.7    0.00
 216 24 2018    0.08    0.00    0.03    1.18    0.38    0.01    0.00    0.00   -1.17    0.01    0.00    0.00   345.9    0.04
 217 24 2018    1.92    0.00    0.07    1.65    0.04    0.02    0.00    0.00    0.18    0.00    0.00    0.00   347.6    0.02
 218 24 2018    0.00    0.00    0.00    0.80    0.13   -0.01    0.00    0.00   -0.68    0.00    0.00    0.00   348.4   -0.05
 219 24 2018    0.04    0.00    0.01    0.40    0.07   -0.01    0.00    0.00   -0.34    0.00    0.00    0.00   348.8   -0.03
 220 24 2018    0.96    0.00    0.00    0.95    0.01    0.00    0.00    0.00    0.00    0.00    0.00    0.00   349.7    0.02
 221 24 2018    0.00    0.00    0.00    0.44    0.05    0.01    0.00    0.00   -0.49    0.00    0.00    0.00   350.1    0.04
 222 24 2018    0.00    0.00    0.00    0.30    0.05    0.00    0.00    0.00   -0.30    0.00    0.00    0.00   350.4    0.01
 223 24 2018    0.00    0.00    0.00    0.33    0.05   -0.02    0.00    0.00   -0.33    0.00    0.00    0.00   350.8    0.01
 224 24 2018    0.00    0.00    0.00    0.30    0.02   -0.01    0.00    0.00   -0.27    0.00    0.00    0.00   351.1   -0.02
 225 24 2018    0.00    0.00    0.00    0.18    0.00    0.01    0.00    0.00   -0.22    0.00    0.00    0.00   351.3    0.02
 226 24 2018    0.00    0.00    0.00   -0.05    0.00    0.02    0.00    0.00    0.03    0.00    0.00    0.00   351.2    0.00
 227 24 2018    0.00    0.00    0.00    0.31    0.00   -0.02    0.00    0.00   -0.29    0.00    0.00    0.00   351.5    0.00
 228 24 2018    0.00    0.00    0.00    0.12    0.00    0.01    0.00    0.00   -0.16    0.00    0.00    0.00   351.6    0.03
 229 24 2018    0.04    0.00    0.01    0.08    0.00    0.00    0.00    0.00   -0.09    0.00    0.00    0.00   351.7    0.03
 230 24 2018    0.96    0.00    0.00    0.82    0.00    0.00    0.00    0.00    0.14    0.00    0.00    0.00   352.5    0.00
 231 24 2018    0.00    0.00    0.00    0.34    0.00   -0.01    0.00    0.00   -0.31    0.00    0.00    0.00   352.9   -0.03
 232 24 2018    0.17    0.00    0.05    0.15    0.00    0.00    0.00    0.00   -0.02    0.00    0.00    0.00   353.0   -0.02
 233 24 2018    3.83    0.00    0.01    1.77    0.00    0.01    0.00    0.00    2.07    0.00    0.00    0.00   354.8    0.02
 234 24 2018    0.00    0.00    0.00    1.13    0.29    0.01    0.00    0.00   -1.08    0.00    0.00    0.00   355.9   -0.05
 235 24 2018    0.00    0.00    0.00    0.44    0.05   -0.02    0.00    0.00   -0.41    0.00    0.00    0.00   356.4   -0.01
 236 24 2018    0.04    0.00    0.01    0.30    0.03    0.00    0.00    0.00   -0.28    0.00    0.00    0.00   356.7    0.00
 237 24 2018    0.96    0.00    0.00    0.92    0.00    0.00    0.00    0.00   -0.08    0.00    0.00    0.00   357.6    0.12
 238 24 2018    0.17    0.00    0.05    0.44    0.01   -0.01    0.00    0.00   -0.29    0.00    0.00    0.00   358.0   -0.04
 239 24 2018    3.83    0.11    0.00    3.08    0.00    0.01    0.00    0.00    0.79    0.00    0.00    0.00   361.1    0.01
 240 24 2018    0.00    0.00    0.00    0.64    0.01    0.00    0.00    0.00   -0.65    0.00    0.00    0.00   361.7    0.01
 241 24 2018    0.00    0.00    0.00    0.38    0.01   -0.03    0.00    0.00   -0.35    0.00    0.00    0.00   362.1   -0.01
 242 24 2018    0.00    0.00    0.00    0.21    0.00    0.00    0.00    0.00   -0.21    0.00    0.00    0.00   362.3    0.00
 243 24 2018    0.00    0.00    0.00    0.14    0.00    0.00    0.00    0.00   -0.16    0.00    0.00    0.00   362.5    0.01
 244 24 2018    0.00    0.00    0.00   -0.01    0.00    0.04    0.00    0.00   -0.06    0.00    0.00    0.00   362.5    0.03
 245 24 2018    0.00    0.00    0.00    0.20    0.00   -0.01    0.00    0.00   -0.18    0.00    0.00    0.00   362.7    0.00
 246 24 2018    0.00    0.00    0.00    0.14    0.00   -0.02    0.00    0.00   -0.09    0.00    0.00    0.00   362.8   -0.03
 247 24 2018    0.25    0.00    0.08    0.05    0.00    0.04    0.00    0.00    0.07    0.00    0.00    0.00   362.8    0.01
 248 24 2018    5.79    0.00    0.56    2.01    0.00   -0.02    0.00    0.00    3.31    0.00    0.00    0.00   364.8    0.01
 249 24 2018    1.00    0.06    0.02    1.22    0.00   -0.01    0.00    0.00    0.31    0.00    0.00    0.00   366.1    0.01
 250 24 2018    1.00    0.17    0.03    1.27    0.30    0.01    0.00    0.00   -0.35    0.00    0.00    0.00   367.3    0.05
 251 24 2018    0.96    0.06    0.00    1.55    0.12    0.00    0.00    0.00   -0.56    0.00    0.00    0.00   368.9    0.00
 252 24 2018    0.00    0.00    0.00    0.99    0.26   -0.02    0.00    0.00   -0.99    0.00    0.00    0.00   369.9    0.01
 253 24 2018    0.00    0.00    0.00    0.50    0.15   -0.02    0.00    0.00   -0.49    0.00    0.00    0.00   370.4    0.02
 254 24 2018    0.00    0.00    0.00    0.30    0.08    0.01    0.00    0.00   -0.30    0.00    0.00    0.00   370.7    0.00
 255 24 2018    0.00    0.00    0.00    0.32    0.05    0.00    0.00    0.00   -0.31    0.00    0.00    0.00   371.0   -0.01
 256 24 2018    0.00    0.00    0.00    0.29    0.03    0.00    0.00    0.00   -0.29    0.00    0.00    0.00   371.3    0.00
 257 24 2018    0.00    0.00    0.00    0.18    0.00    0.02    0.00    0.00   -0.21    0.00    0.00    0.00   371.5    0.00
 258 24 2018    0.00    0.00    0.00    0.17    0.00   -0.01    0.00    0.00   -0.19    0.00    0.00    0.00   371.6    0.02
 259 24 2018    0.00    0.00    0.00    0.16    0.00    0.00    0.00    0.00   -0.15    0.00    0.00    0.00   371.8   -0.01
 260 24 2018    0.00    0.00    0.00    0.12    0.00    0.00    0.00    0.00   -0.12    0.00    0.00    0.00   371.9    0.01
 261 24 2018    0.08    0.00    0.03    0.10    0.00    0.00    0.00    0.00   -0.06    0.00    0.00    0.00   372.0    0.02
 262 24 2018    1.92    0.00    0.00    1.39    0.00    0.01    0.00    0.00    0.54    0.00    0.00    0.00   373.4    0.00
 263 24 2018    0.00    0.00    0.00    0.55    0.00   -0.01    0.00    0.00   -0.56    0.00    0.00    0.00   374.0    0.02
 264 24 2018    0.00    0.00    0.00    0.11    0.00   -0.01    0.00    0.00   -0.10    0.00    0.00    0.00   374.1   -0.01
 265 24 2018    0.00    0.00    0.00    0.20    0.00    0.00    0.00    0.00   -0.20    0.00    0.00    0.00   374.3    0.00
 266 24 2018    0.13    0.08    0.04    0.12    0.00    0.00    0.00    0.00   -0.02    0.00    0.00    0.00   374.4   -0.01
 267 24 2018    2.88    0.67    0.00    2.07    0.00    0.00    0.00    0.00    0.83    0.00    0.00    0.00   376.4    0.01
 268 24 2018    0.00    0.00    0.00    0.59    0.01    0.03    0.00    0.00   -0.66    0.00    0.00    0.00   377.0    0.03
 269 24 2018    0.00    0.00    0.00    0.24    0.00   -0.03    0.00    0.00   -0.20    0.00    0.00    0.00   377.3   -0.01
 270 24 2018    0.00    0.00    0.00    0.12    0.00    0.00    0.00    0.00   -0.11    0.00    0.00    0.00   377.4   -0.01
 271 24 2018    0.00    0.00    0.00    0.09    0.00    0.00    0.00    0.00   -0.10    0.00    0.00    0.00   377.5    0.00
 272 24 2018    0.00    0.00    0.00    0.11    0.00    0.01    0.00    0.00   -0.12    0.00    0.00    0.00   377.6    0.01
 273 24 2018    0.00    0.00    0.00    0.12    0.00    0.00    0.00    0.00   -0.13    0.00    0.00    0.00   377.7    0.01
 274 24 2018    0.00    0.00    0.00   -0.08    0.00    0.03    0.00    0.00    0.03    0.00    0.00    0.00   377.6    0.01
 275 24 2018    0.00    0.00    0.00    0.04    0.00    0.00    0.00    0.00   -0.02    0.00    0.00    0.00   377.7   -0.03
 276 24 2018    0.13    0.00    0.04    0.17    0.00   -0.01    0.00    0.00    0.01    0.00    0.00    0.00   377.9   -0.08
 277 24 2018    2.92    0.00    0.01    1.86    0.00   -0.01    0.00    0.00    1.09    0.00    0.00    0.00   379.7    0.00
 278 24 2018    1.04    0.22    0.17    1.00    0.00    0.00    0.00    0.00   -0.11    0.00    0.00    0.00   380.7    0.00
 279 24 2018    1.96    2.59    0.23    0.76    0.00    0.00    0.00    0.00    1.13    0.00    0.00    0.00   381.5    0.01
 280 24 2018    1.17    1.35    0.17    0.84    0.00   -0.01    0.00    0.00    0.23    0.00    0.00    0.17   382.3   -0.01
 281 24 2018    4.96    0.76    1.38    0.43    0.00   -0.01    3.70    0.00   -0.23    0.00    0.00    0.00   382.8    0.01
 282 24 2018    4.15    0.00    2.51    0.21    0.00    0.00    2.94    0.00   -0.15    0.00    0.00    0.00   383.0    0.02
 283 24 2018    7.33    0.00    2.61    0.30    0.00    0.00    6.98    0.00   -0.06    0.00    0.00    0.00   383.3    0.01
 284 24 2018    3.35    4.70    1.12    2.27    0.00    0.00   -2.14    0.00    4.70    0.00    0.00    0.00   385.5    0.01
 285 24 2018    0.21    3.24    0.07    3.32    2.13   -0.02   -2.96    0.00    0.92    0.00    0.00    0.00   388.9    0.01
 286 24 2018    5.21    4.67    0.47    3.57    2.25    0.01   -1.02    0.00    2.24    0.00    0.00    0.00   392.4    0.00
 287 24 2018    9.58    0.53    2.46    1.03    0.00    0.01    6.01    0.00    0.53    0.00    0.00    0.00   393.5    0.01
 288 24 2018    0.04    0.17    0.87    1.62    0.00    0.00   -0.11    0.00    0.11    0.00    0.00    0.00   395.1    0.01
 289 24 2018    0.96    1.94    0.05    1.74    0.59   -0.01   -1.15    0.00    1.20    0.00    0.00    0.00   396.8   -0.01
 290 24 2018    0.00    1.62    0.00    1.03    1.02    0.03   -1.56    0.00    0.54    0.00    0.00    0.00   397.9    0.02
 291 24 2018    0.00    0.80    0.00    1.06    0.99   -0.01   -0.81    0.00   -0.23    0.00    0.00    0.00   398.9   -0.01
 292 24 2018    0.00    3.21    0.00    1.44    1.39    0.01   -3.17    0.00    1.76    0.00    0.00    0.00   400.4   -0.02
 293 24 2018    0.00    4.38    0.00    1.53    1.41   -0.04   -4.30    0.00    2.79    0.00    0.00    0.00   401.9    0.01
 294 24 2018    0.00    1.37    0.00    1.85    1.59    0.02   -2.41    0.00    0.54    0.00    0.00    0.00   403.7    0.01
 295 24 2018    0.00    0.00    0.00    1.36    1.15    0.01    0.00    0.00   -1.40    0.00    0.00    0.00   405.1    0.03
 296 24 2018    0.00    0.00    0.00    1.34    1.13    0.02    0.00    0.00   -1.38    0.00    0.00    0.00   406.4    0.02
 297 24 2018    0.00    0.00    0.00    1.93    1.27   -0.03    0.00    0.00   -1.87    0.00    0.00    0.00   408.4   -0.02
 298 24 2018    0.00    0.00    0.00    1.65    1.18    0.01    0.00    0.00   -1.62    0.00    0.00    0.00   410.0   -0.03
 299 24 2018    0.00    0.00    0.00    1.96    1.13    0.00    0.00    0.00   -1.91    0.00    0.00    0.00   412.0   -0.05
 300 24 2018    0.00    0.00    0.00    1.64    0.99    0.00    0.00    0.00   -1.67    0.00    0.00    0.00   413.6    0.03
 301 24 2018    0.00    0.00    0.00    1.12    0.43   -0.02    0.00    0.00   -1.09    0.00    0.00    0.00   414.7    0.00
 302 24 2018    0.50    0.00    0.16    0.79    0.28    0.03    0.00    0.00   -0.48    0.00    0.00    0.00   415.5    0.01
 303 24 2018   11.58    0.91    2.62    0.46    0.00   -0.02    8.27    0.00    0.43    0.00    0.00    0.00   416.0   -0.02
 304 24 2018    2.00    0.00    0.79    2.36    0.00    0.00    1.51    0.00   -0.03    0.00    0.00    0.00   418.3   -0.01
 305 24 2018    2.29    0.80    0.12    1.70    0.23    0.01    0.66    0.00    0.58    0.00    0.00    0.00   420.0    0.01
 306 24 2018    8.87   12.90    0.08    3.52    0.59    0.01   -6.87    0.00   12.26    0.00    0.00    0.00   423.5    0.00
 307 24 2018    5.88    7.16    0.40    1.86    0.23   -0.01   -3.58    0.00    7.28    0.00    0.00    0.00   425.4    0.01
 308 24 2018    3.08    0.73    0.07    2.29    0.75   -0.01    0.00    0.00    1.02    0.00    0.00    0.14   427.7   -0.03
 309 24 2018    4.83    2.44    0.08    2.67    0.72    0.00    0.00    0.00    2.26    0.06    0.00    0.03   430.4   -0.06
 310 24 2018    1.00    1.54    0.01    1.13    0.53    0.00    0.00    0.00   -0.34    0.16    0.00    0.14   431.5    0.00
 311 24 2018    0.96    3.87    0.00    0.64    0.07    0.00    0.93    0.00   -0.57    0.11    0.00    0.00   432.1    0.00
 312 24 2018    0.00    0.00    0.00    0.27    0.03   -0.01    0.26    0.00   -0.56    0.05    0.00    0.00   432.4   -0.02
 313 24 2018    0.00    0.00    0.00    1.16    0.98   -0.01    0.28    0.00   -1.46    0.03    0.00    0.00   433.6    0.00
 314 24 2018    0.42    0.00    0.14    1.07    1.05    0.01    0.54    0.00   -1.35    0.01    0.00    0.00   434.6    0.00
 315 24 2018    9.62    0.00    2.61    0.44    0.00    0.01    6.84    0.00   -0.14    0.01    0.00    0.00   435.1    0.00
 316 24 2018    0.96    0.00    0.00    2.95    0.00    0.00    0.75    0.00   -0.13    0.00    0.00    0.00   438.0    0.00
 317 24 2018    0.00    0.00    0.00    0.25    0.18    0.00    0.02    0.00   -0.27    0.00    0.00    0.00   438.3    0.00
 318 24 2018    0.00    0.07    0.00    1.04    1.03   -0.01   -0.04    0.00   -1.00    0.00    0.00    0.00   439.3    0.02
 319 24 2018    0.00    0.07    0.00    1.26    1.20    0.00   -0.04    0.00   -1.20    0.00    0.00    0.00   440.6   -0.01
 320 24 2018    0.25    0.04    0.08    0.39    0.32    0.01    0.13    0.00   -0.36    0.00    0.00    0.00   440.9    0.00
 321 24 2018    5.75    0.00    1.64    0.31    0.00   -0.01    3.97    0.00   -0.09    0.00    0.00    0.00   441.3    0.01
 322 24 2018    0.00    0.00    0.00    1.75    0.07   -0.01    0.03    0.00   -0.24    0.00    0.00    0.00   443.0    0.12
 323 24 2018    0.00    0.00    0.00    0.06    0.01    0.01    0.04    0.00   -0.11    0.00    0.00    0.00   443.1    0.00
 324 24 2018    0.00    0.00    0.00    0.14    0.12   -0.01    0.04    0.00   -0.17    0.00    0.00    0.00   443.2    0.00
 325 24 2018    0.00    0.02    0.00    0.24    0.21    0.00   -0.01    0.00   -0.21    0.00    0.00    0.00   443.4   -0.01
 326 24 2018    0.13    0.02    0.04    0.21    0.27    0.03    0.02    0.00   -0.23    0.00    0.00    0.00   443.6    0.05
 327 24 2018    3.33    1.79    0.15    1.05    0.06    0.00    0.36    0.00    1.82    0.00    0.00    0.00   444.7   -0.01
 328 24 2018   10.58    2.52    1.25    2.43    0.00   -0.02    4.56    0.00    2.00    0.00    0.00    0.52   447.1   -0.01
 329 24 2018    0.96    0.00    0.00    1.85    0.19   -0.01    0.62    0.00    0.26    0.00    0.00    0.00   449.0    0.01
 330 24 2018    0.00    0.00    0.00    0.14    0.00    0.00   -0.01    0.00   -0.10    0.00    0.00    0.00   449.1   -0.03
 331 24 2018    0.17    0.00    0.05    0.08    0.04    0.01    0.11    0.00   -0.10    0.00    0.00    0.00   449.2    0.01
 332 24 2018    3.83    0.00    0.12    1.21    0.03    0.03    2.55    0.00   -0.37    0.00    0.00    0.00   450.4    0.34
 333 24 2018    0.04    0.00    0.01    0.39    0.15   -0.03   -0.02    0.00   -0.17    0.00    0.00    0.00   450.8   -0.02
 334 24 2018    0.96    0.00    0.00    0.36    0.00    0.01    0.64    0.00   -0.42    0.00    0.00    0.00   451.1    0.38
 335 24 2018    0.00    0.00    0.00    0.14    0.00   -0.02   -0.02    0.00   -0.05    0.00    0.00    0.00   451.3   -0.06
 336 24 2018    0.04    0.00    0.01    0.02    0.00    0.01    0.04    0.00   -0.05    0.00    0.00    0.00   451.3    0.01
 337 24 2018    0.96    0.00    0.00    0.34    0.00   -0.01    0.67    0.00   -0.39    0.00    0.00    0.00   451.7    0.36
 338 24 2018    0.08    0.00    0.03    0.12    0.00   -0.01    0.04    0.00   -0.05    0.00    0.00    0.00   451.8   -0.04
 339 24 2018    1.96    0.00    0.01    0.68    0.00    0.01    1.29    0.00   -0.41    0.00    0.00    0.00   452.4    0.40
 340 24 2018    0.96    0.00    0.06    0.26    0.00    0.00    0.61    0.00   -0.02    0.00    0.00    0.00   452.7    0.06
 341 24 2018    0.00    0.00    0.00    0.06    0.00    0.01    0.01    0.00   -0.13    0.00    0.00    0.00   452.8    0.11
 342 24 2018    0.00    0.00    0.00    0.10    0.00   -0.01   -0.03    0.00   -0.02    0.00    0.00    0.00   452.9   -0.03
 343 24 2018    0.00    0.00    0.00    0.11    0.00   -0.02   -0.04    0.00   -0.03    0.00    0.00    0.00   453.0   -0.02
 344 24 2018    0.00    0.00    0.00    0.07    0.01    0.00   -0.04    0.00   -0.02    0.00    0.00    0.00   453.0   -0.01
 345 24 2018    0.08    0.00    0.03    0.11    0.00    0.00    0.00    0.00   -0.03    0.00    0.00    0.00   453.2   -0.02
 346 24 2018    1.92    0.00    0.00    0.67    0.00    0.02    1.28    0.00   -0.41    0.00    0.00    0.00   453.8    0.39
 347 24 2018    0.00    0.00    0.00    0.04    0.00   -0.01    0.01    0.00   -0.03    0.00    0.00    0.00   453.9   -0.01
 348 24 2018    0.00    0.00    0.00    0.02    0.01    0.00   -0.01    0.00    0.00    0.00    0.00    0.00   453.9    0.00
 349 24 2018    0.00    0.00    0.00    0.05    0.01    0.00   -0.03    0.00    0.00    0.00    0.00    0.00   453.9   -0.01
 350 24 2018    0.00    0.00    0.00    0.11    0.11    0.00   -0.02    0.00   -0.10    0.00    0.00    0.00   454.0    0.00
 351 24 2018    0.00    0.00    0.00    0.06    0.07    0.01   -0.02    0.00   -0.07    0.00    0.00    0.00   454.1    0.03
 352 24 2018    0.21    0.00    0.07   -0.01    0.03    0.00    0.13    0.00   -0.04    0.00    0.00    0.00   454.1    0.06
 353 24 2018    4.79    0.00    0.07    1.59    0.00    0.00    3.24    0.00   -0.05    0.00    0.00    0.00   455.7    0.02
 354 24 2018    0.00    0.00    0.00    0.11    0.00    0.00    0.01    0.00   -0.02    0.00    0.00    0.00   455.8   -0.02
 355 24 2018    0.13    0.00    0.04    0.08    0.01    0.00    0.07    0.00   -0.01    0.00    0.00    0.00   455.9   -0.05
 356 24 2018    2.88    0.00    0.00    1.01    0.00   -0.01    1.94    0.00   -0.03    0.00    0.00    0.00   456.9    0.01
 357 24 2018    0.08    0.00    0.03    0.01    0.00    0.01    0.06    0.00   -0.03    0.00    0.00    0.00   456.9    0.00
 358 24 2018    1.92    0.00    0.02    0.63    0.00    0.00    1.30    0.00   -0.09    0.00    0.00    0.00   457.5    0.09
 359 24 2018    0.04    0.00    0.01    0.03    0.00    0.00    0.06    0.00   -0.03    0.00    0.00    0.00   457.5    0.00
 360 24 2018    0.96    0.00    0.10    0.22    0.00    0.00    0.67    0.00   -0.42    0.00    0.00    0.00   457.8    0.41
 361 24 2018    0.04    0.00    0.01    0.13    0.00    0.00    0.05    0.00   -0.03    0.00    0.00    0.00   457.9   -0.01
 362 24 2018    0.96    0.00    0.01    0.32    0.00    0.00    0.68    0.00   -0.03    0.00    0.00    0.00   458.2    0.00
 363 24 2018    0.00    0.00    0.00   -0.01    0.00    0.00    0.01    0.00   -0.25    0.00    0.00    0.00   458.2    0.26
 364 24 2018    0.08    0.00    0.03    0.00    0.00    0.01    0.06    0.00   -0.39    0.00    0.00    0.00   458.2    0.39
