
                                       SUMMARY OF WATER BALANCE

                                                              CHANGE IN STORAGE
                               PRECIP          PLANT   ------------------------------  DEEP                     CUM.
 DAY HR  YR   PRECIP  SNOWMELT INTRCP    ET    TRANSP  CANOPY   SNOW  RESIDUE   SOIL   PERC   RUNOFF   PONDED    ET    ERROR
                 MM      MM      MM      MM      MM      MM      MM      MM      MM      MM      MM      MM      MM      MM
   1 24 2018    0.00    0.00    0.00    1.20    0.00    0.00    0.00    0.00  -11.56   10.23    0.00    0.00     1.2    0.13
   2 24 2018    0.00    0.00    0.00    1.32    0.00    0.00    0.00    0.00   -2.06    0.74    0.00    0.00     2.5    0.00
   3 24 2018    0.00    0.00    0.00    0.88    0.00    0.00    0.00    0.00   -1.07    0.19    0.00    0.00     3.4    0.00
   4 24 2018    0.00    0.00    0.00    0.44    0.00    0.00    0.00    0.00   -0.54    0.09    0.00    0.00     3.9    0.00
   5 24 2018    0.04    0.04    0.00    0.37    0.00    0.00    0.00    0.00   -0.43    0.06    0.00    0.04     4.2    0.00
   6 24 2018    1.04    5.11    0.00    0.76    0.00    0.00    0.00    0.00   -0.14    0.03    0.00    0.43     5.0    0.00
   7 24 2018    1.92    0.00    0.00    0.35    0.00    0.00    2.24    0.00   -0.26    0.01    0.00    0.00     5.3    0.00
   8 24 2018    0.00    0.03    0.00    0.20    0.00    0.00   -0.14    0.00   -0.07    0.01    0.00    0.00     5.5    0.00
   9 24 2018    0.13    1.42    0.00    0.51    0.00    0.00   -2.10    0.00    1.72    0.00    0.00    0.00     6.0    0.00
  10 24 2018    2.96    0.75    0.00    0.17    0.00    0.00    2.76    0.00    0.04    0.00    0.00    0.00     6.2    0.00
  11 24 2018    2.08    0.00    0.00    0.29    0.00    0.00    2.01    0.00   -0.21    0.00    0.00    0.00     6.5    0.00
  12 24 2018    3.88    0.00    0.00   -0.04    0.00    0.00    4.01    0.00   -0.09    0.00    0.00    0.00     6.5    0.00
  13 24 2018    0.96    0.00    0.00    0.07    0.00    0.00    0.95    0.00   -0.07    0.00    0.00    0.00     6.5    0.00
  14 24 2018    0.04    0.00    0.00    0.27    0.00    0.00   -0.14    0.00   -0.08    0.00    0.00    0.00     6.8    0.00
  15 24 2018    0.96    0.00    0.00    0.04    0.00    0.00    1.05    0.00   -0.13    0.00    0.00    0.00     6.8    0.00
  16 24 2018    0.00    0.00    0.00    0.05    0.00    0.00    0.05    0.00   -0.10    0.00    0.00    0.00     6.9    0.00
  17 24 2018    0.00    0.00    0.00    0.17    0.00    0.00   -0.13    0.00   -0.04    0.00    0.00    0.00     7.1    0.00
  18 24 2018    0.00    0.00    0.00    0.48    0.00    0.00   -0.51    0.00    0.03    0.00    0.00    0.00     7.5    0.00
  19 24 2018    0.00    0.00    0.00    0.27    0.00    0.00   -0.25    0.00   -0.02    0.00    0.00    0.00     7.8    0.00
  20 24 2018    0.58    0.00    0.00    0.02    0.00    0.00    0.62    0.00   -0.05    0.00    0.00    0.00     7.8    0.00
  21 24 2018   13.42    0.00    0.00    0.00    0.00    0.00   13.47    0.00   -0.05    0.00    0.00    0.00     7.8    0.00
  22 24 2018    0.04    0.00    0.00    0.39    0.00    0.00   -0.33    0.00   -0.02    0.00    0.00    0.00     8.2    0.00
  23 24 2018    0.96    0.00    0.00    0.20    0.00    0.00    0.78    0.00   -0.02    0.00    0.00    0.00     8.4    0.00
  24 24 2018    0.00    0.00    0.00    0.47    0.00    0.00   -0.46    0.00   -0.01    0.00    0.00    0.00     8.9    0.00
  25 24 2018    0.08    0.00    0.00    0.23    0.00    0.00   -0.13    0.00   -0.01    0.00    0.00    0.00     9.1    0.00
  26 24 2018    1.92    0.00    0.00    0.11    0.00    0.00    1.85    0.00   -0.04    0.00    0.00    0.00     9.2    0.00
  27 24 2018    0.00    0.00    0.00    0.29    0.00    0.00   -0.25    0.00   -0.04    0.00    0.00    0.00     9.5    0.00
  28 24 2018    0.00    0.00    0.00    0.21    0.00    0.00   -0.19    0.00   -0.02    0.00    0.00    0.00     9.7    0.00
  29 24 2018    0.00    0.00    0.00    0.13    0.00    0.00   -0.11    0.00   -0.02    0.00    0.00    0.00     9.9    0.00
  30 24 2018    0.08    0.00    0.00    0.82    0.00    0.00   -0.75    0.00    0.01    0.00    0.00    0.00    10.7    0.00
  31 24 2018    2.33    0.00    0.00    0.44    0.00    0.00    1.88    0.00    0.02    0.00    0.00    0.00    11.1    0.00
  32 24 2018    9.58    0.00    0.00    0.05    0.00    0.00    9.56    0.00   -0.02    0.00    0.00    0.00    11.2    0.00
  33 24 2018    0.13    0.00    0.00    0.20    0.00    0.00   -0.07    0.00    0.00    0.00    0.00    0.00    11.4    0.00
  34 24 2018    3.04    0.00    0.00    0.18    0.00    0.00    2.86    0.00    0.00    0.00    0.00    0.00    11.6    0.00
  35 24 2018    4.25    0.00    0.00    0.16    0.00    0.00    4.09    0.00    0.00    0.00    0.00    0.00    11.7    0.00
  36 24 2018    9.58    0.00    0.00    0.05    0.00    0.00    9.54    0.00    0.00    0.00    0.00    0.00    11.8    0.00
  37 24 2018    0.00    0.00    0.00    0.12    0.00    0.00   -0.10    0.00   -0.01    0.00    0.00    0.00    11.9    0.00
  38 24 2018    0.00    0.00    0.00    0.22    0.00    0.00   -0.20    0.00   -0.02    0.00    0.00    0.00    12.1    0.00
  39 24 2018    0.29    0.00    0.00    0.51    0.00    0.00   -0.20    0.00    0.00    0.00    0.00    0.00    12.6    0.00
  40 24 2018    7.25    0.00    0.00    0.21    0.00    0.00    7.03    0.00    0.01    0.00    0.00    0.00    12.8    0.00
  41 24 2018   12.50    0.00    0.00    0.01    0.00    0.00   12.51    0.00   -0.01    0.00    0.00    0.00    12.8    0.00
  42 24 2018    1.04    0.00    0.00    0.13    0.00    0.00    0.94    0.00   -0.02    0.00    0.00    0.00    13.0    0.00
  43 24 2018    1.92    0.00    0.00    0.02    0.00    0.00    1.91    0.00   -0.02    0.00    0.00    0.00    13.0    0.00
  44 24 2018    0.00    0.00    0.00    0.26    0.00    0.00   -0.25    0.00    0.00    0.00    0.00    0.00    13.3    0.00
  45 24 2018    0.00    0.00    0.00    0.21    0.00    0.00   -0.21    0.00    0.00    0.00    0.00    0.00    13.5    0.00
  46 24 2018    0.00    0.00    0.00    0.05    0.00    0.00   -0.04    0.00   -0.01    0.00    0.00    0.00    13.5    0.00
  47 24 2018    0.00    0.00    0.00    0.37    0.00    0.00   -0.34    0.00   -0.03    0.00    0.00    0.00    13.9    0.00
  48 24 2018    0.00    0.00    0.00    0.46    0.00    0.00   -0.43    0.00   -0.02    0.00    0.00    0.00    14.4    0.00
  49 24 2018    0.00    0.00    0.00    0.81    0.00    0.00   -0.80    0.00   -0.01    0.00    0.00    0.00    15.2    0.00
  50 24 2018    0.00    0.00    0.00    0.09    0.00    0.00   -0.07    0.00   -0.02    0.00    0.00    0.00    15.3    0.00
  51 24 2018    0.00    0.00    0.00    0.06    0.00    0.00   -0.02    0.00   -0.04   -0.01    0.00    0.00    15.3    0.00
  52 24 2018    0.00    0.00    0.00    0.08    0.00    0.00   -0.04    0.00   -0.04   -0.01    0.00    0.00    15.4    0.00
  53 24 2018    0.25    0.00    0.00    0.07    0.00    0.00    0.22    0.00   -0.03   -0.01    0.00    0.00    15.5    0.00
  54 24 2018    5.79    0.00    0.00    0.00    0.00    0.00    5.83    0.00   -0.03   -0.01    0.00    0.00    15.5    0.00
  55 24 2018    1.00    0.00    0.00    0.05    0.00    0.00    0.97    0.00   -0.02   -0.01    0.00    0.00    15.5    0.00
  56 24 2018    0.96    0.00    0.00    0.16    0.00    0.00    0.82    0.00   -0.01   -0.01    0.00    0.00    15.7    0.00
  57 24 2018    0.00    0.00    0.00    0.12    0.00    0.00   -0.11    0.00   -0.01   -0.01    0.00    0.00    15.8    0.00
  58 24 2018    0.04    0.00    0.00    0.13    0.00    0.00   -0.08    0.00    0.00   -0.01    0.00    0.00    15.9    0.00
  59 24 2018    0.96    0.00    0.00    0.01    0.00    0.00    0.96    0.00   -0.01   -0.01    0.00    0.00    15.9    0.00
  60 24 2018    0.00    0.00    0.00    0.06    0.00    0.00   -0.05    0.00   -0.01   -0.01    0.00    0.00    16.0    0.00
  61 24 2018    0.00    0.00    0.00    0.27    0.00    0.00   -0.27    0.00    0.00   -0.01    0.00    0.00    16.3    0.00
  62 24 2018    0.00    0.00    0.00    0.08    0.00    0.00   -0.09    0.00    0.01   -0.01    0.00    0.00    16.3    0.00
  63 24 2018    0.00    0.00    0.00    0.24    0.00    0.00   -0.25    0.00    0.01   -0.01    0.00    0.00    16.6    0.00
  64 24 2018    0.08    0.00    0.00    0.14    0.00    0.00   -0.03    0.00   -0.03   -0.01    0.00    0.00    16.7    0.00
  65 24 2018    1.92    0.00    0.00    0.17    0.00    0.00    1.78    0.00   -0.03   -0.01    0.00    0.00    16.9    0.00
  66 24 2018    0.00    0.00    0.00    0.32    0.00    0.00   -0.29    0.00   -0.02   -0.01    0.00    0.00    17.2    0.00
  67 24 2018    0.17    0.00    0.00    0.35    0.00    0.00   -0.16    0.00   -0.01   -0.01    0.00    0.00    17.6    0.00
  68 24 2018    3.88    0.00    0.00    0.34    0.00    0.00    3.54    0.00    0.00   -0.01    0.00    0.00    17.9    0.00
  69 24 2018    0.96    0.00    0.00    0.07    0.00    0.00    0.90    0.00    0.00   -0.01    0.00    0.00    18.0    0.00
  70 24 2018    0.00    0.00    0.00    0.06    0.00    0.00   -0.04    0.00   -0.01   -0.01    0.00    0.00    18.0    0.00
  71 24 2018    0.00    0.00    0.00    0.10    0.00    0.00   -0.10    0.00    0.00   -0.01    0.00    0.00    18.1    0.00
  72 24 2018    0.00    0.00    0.00    0.03    0.00    0.00   -0.04    0.00    0.01   -0.01    0.00    0.00    18.2    0.00
  73 24 2018    0.08    0.00    0.00    0.07    0.00    0.00   -0.07    0.00    0.09   -0.01    0.00    0.00    18.2    0.00
  74 24 2018    1.92    0.00    0.00    0.14    0.00    0.00    1.74    0.00    0.05   -0.01    0.00    0.00    18.4    0.00
  75 24 2018    0.00    0.00    0.00    0.40    0.00    0.00   -0.40    0.00    0.00   -0.01    0.00    0.00    18.8    0.00
  76 24 2018    0.21    0.11    0.00    0.10    0.00    0.00   -0.04    0.00    0.15   -0.01    0.00    0.00    18.9    0.00
  77 24 2018    4.79    0.00    0.00    0.12    0.00    0.00    4.67    0.00    0.00   -0.01    0.00    0.00    19.0    0.00
  78 24 2018    0.04    0.00    0.00    0.16    0.00    0.00   -0.10    0.00   -0.01   -0.01    0.00    0.00    19.1    0.00
  79 24 2018    0.96    0.00    0.00    0.17    0.00    0.00    0.81    0.00   -0.02   -0.01    0.00    0.00    19.3    0.00
  80 24 2018    0.04    0.00    0.00    0.15    0.00    0.00   -0.12    0.00    0.01   -0.01    0.00    0.00    19.5    0.00
  81 24 2018    1.21    2.02    0.00    0.12    0.00    0.00   -0.97    0.00    2.06   -0.01    0.00    0.00    19.6    0.00
  82 24 2018    5.75    9.92    0.00    0.38    0.00    0.00   -4.60    0.00    0.23   -0.01    0.00    9.75    20.0    0.00
  83 24 2018    0.04    3.57    0.00    0.11    0.00    0.00   -3.66    0.00    0.09   -0.01    0.00   13.26    20.1    0.00
  84 24 2018    1.38    8.73    0.00    0.15    0.00    0.00   -7.52    0.00    0.08   -0.01    1.94   19.99    20.2    0.00
  85 24 2018    9.67    0.89    0.00    0.08    0.00    0.00    8.69    0.00    0.03   -0.01    0.88   19.99    20.3    0.00
  86 24 2018    2.21    0.00    0.00    0.17    0.00    0.00    2.05    0.00    0.01   -0.01    0.00   19.97    20.5    0.00
  87 24 2018    6.79    0.00    0.00    0.17    0.00    0.00    6.63    0.00    0.02    0.00    0.00   19.95    20.7    0.00
  88 24 2018    1.92    0.00    0.00    0.11    0.00    0.00    1.82    0.00    0.02    0.00    0.00   19.92    20.8    0.00
  89 24 2018    0.00    0.00    0.00    0.72    0.00    0.00   -0.72    0.00    0.03    0.00    0.00   19.90    21.5    0.00
  90 24 2018    0.29    0.56    0.00    0.25    0.00    0.00   -0.54    0.00    0.05    0.00    0.45   19.99    21.7    0.00
  91 24 2018    6.83    3.20    0.00    0.63    0.00    0.00    2.99    0.00    0.05    0.00    3.17   19.99    22.4    0.00
  92 24 2018    2.88   14.72    0.00    0.72    0.00    0.00  -12.58    0.00    0.05    0.00   14.69   20.00    23.1    0.00
  93 24 2018    0.00    0.00    0.00    1.11    0.00    0.00   -1.08    0.00    0.01    0.00    0.00   19.97    24.2    0.00
  94 24 2018    0.00    7.08    0.00    1.42    0.00    0.00   -8.50    0.00    0.04    0.00    7.02   19.99    25.6    0.00
  95 24 2018    0.67   11.95    0.00    0.26    0.00    0.00  -11.55    0.00    0.04    0.00   11.92   20.00    25.9    0.00
  96 24 2018   15.58    0.00    0.00    0.02    0.00    0.00   15.57    0.00    0.03    0.00    0.00   19.96    25.9    0.00
  97 24 2018    6.21    0.90    0.00   -0.01    0.00    0.00    5.30    0.00    0.05    0.00    0.83   20.00    25.9    0.00
  98 24 2018   10.67    2.00    0.00    0.10    0.00    0.00    8.56    0.00    0.05    0.00    1.96   20.00    26.0    0.00
  99 24 2018    2.88    0.47    0.00    0.05    0.00    0.00    2.35    0.00    0.05    0.00    0.42   20.00    26.0    0.00
 100 24 2018    0.00    2.44    0.00    0.25    0.00    0.00   -2.69    0.00    0.06    0.00    2.38   20.00    26.3    0.00
 101 24 2018    0.04    8.65    0.00    0.56    0.00    0.00   -9.18    0.00    0.07    0.00    8.59   20.00    26.8    0.00
 102 24 2018    0.96   10.49    0.00    0.35    0.00    0.00   -9.88    0.00    0.08    0.00   10.43   19.99    27.2    0.00
 103 24 2018    0.04    0.00    0.00    0.83    0.00    0.00   -0.77    0.00    0.06    0.00    0.00   19.92    28.0    0.00
 104 24 2018    1.00    0.00    0.00    0.42    0.00    0.00    0.59    0.00    0.03    0.00    0.00   19.88    28.4    0.00
 105 24 2018    0.96    7.02    0.00    0.08    0.00    0.00   -6.14    0.00    0.02    0.00    6.89   20.00    28.5    0.00
 106 24 2018    0.13   19.84    0.00    0.23    0.00    0.00  -19.93    0.00    0.01    0.00   19.82   20.00    28.7    0.00
 107 24 2018    2.88    9.35    0.00    0.76    0.00    0.00   -7.21    0.00    0.01    0.00    9.33   19.99    29.5    0.00
 108 24 2018    0.00   18.31    0.00    0.35    0.00    0.00  -18.61    0.00   -0.04    0.00   18.29   20.00    29.8    0.00
 109 24 2018    0.25   15.23    0.00    0.16    0.00    0.00  -15.05    0.00   -0.07    0.00   15.22   20.00    30.0    0.00
 110 24 2018    5.96    3.29    0.00    0.05    0.00    0.00    2.68    0.00   -0.05    0.00    3.28   20.00    30.1    0.00
 111 24 2018    4.79    0.00    0.00    0.09    0.00    0.00    4.76    0.00   -0.04    0.00    0.00   19.99    30.1    0.00
 112 24 2018    0.04    4.25    0.00    0.05    0.00    0.00   -4.29    0.00    0.04    0.00    4.23   20.00    30.2    0.00
 113 24 2018    1.50    8.95    0.00    0.12    0.00    0.00   -7.72    0.00   -0.03    0.00    9.13   20.00    30.3    0.00
 114 24 2018   12.46    0.00    0.00    0.01    0.00    0.00   12.59    0.00   -0.13    0.00    0.00   19.99    30.3    0.00
 115 24 2018    0.00    2.93    0.00    0.09    0.00    0.00   -3.00    0.00    0.00    0.00    2.90   20.00    30.4    0.00
 116 24 2018    0.00    5.23    0.00    0.03    0.00    0.00   -5.20    0.00   -0.05    0.00    5.22   20.00    30.4    0.00
 117 24 2018    0.00    5.03    0.00    0.66    0.00    0.00   -5.01    0.00    0.92    0.00    5.02   18.41    31.1    0.00
 118 24 2018    0.00    0.00    0.00    2.09    0.00    0.00    0.00    0.00   -0.03    0.00    0.00   16.36    33.2    0.00
 119 24 2018    0.00    0.00    0.00    2.71    0.00    0.00    0.00    0.00    0.10    0.00    0.00   13.29    35.9    0.26
 120 24 2018    0.08    0.08    0.00    2.65    0.00    0.00    0.00    0.00   -0.21    0.00    0.00   10.94    38.5    0.00
 121 24 2018    2.75    2.47    0.00    0.76    0.00    0.00    1.12    0.00    3.13    0.00    0.00    8.66    39.3    0.00
 122 24 2018   20.21    0.21    0.00    0.00    0.00    0.00   20.08    0.00    0.14    0.00    0.00    8.65    39.3    0.00
 123 24 2018   23.96    4.11    0.00   -0.02    0.00    0.00   19.89    0.00    7.08    5.81    0.00    0.00    39.3   -0.16
 124 24 2018    0.00    5.88    0.00    0.07    0.00    0.00   -5.96    0.00   -1.10    1.51    0.00    5.48    39.4    0.00
 125 24 2018    0.00   11.00    0.00    0.05    0.00    0.00  -11.03    0.00   -0.37    0.48    0.00   16.34    39.4    0.00
 126 24 2018    0.00   12.59    0.00    0.02    0.00    0.00  -12.54    0.00    1.01   14.76    0.00   13.09    39.4    0.00
 127 24 2018    0.00    9.50    0.00    0.24    0.00    0.00  -11.56    0.00    0.32    5.49    1.05   17.56    39.7   -0.01
 128 24 2018    0.00    0.00    0.00    2.75    0.00    0.00    0.00    0.00   -0.10    3.78    0.00   11.14    42.4    0.00
 129 24 2018    0.00    0.00    0.00    3.05    0.00    0.00    0.00    0.00   -2.54    1.09    0.00    9.54    45.5    0.00
 130 24 2018    0.04    0.00    0.00    3.23    0.00    0.00    0.00    0.00    0.58    5.77    0.00    0.00    48.7    0.00
 131 24 2018    1.04    0.08    0.00    1.25    0.00    0.00    0.00    0.00   -2.40    2.20    0.00    0.00    49.9   -0.02
 132 24 2018    2.38    0.08    0.00    1.26    0.00    0.00    0.00    0.00    0.75    0.38    0.00    0.00    51.2   -0.01
 133 24 2018   10.58    3.11    0.00    0.81    0.00    0.00    0.75    0.00    1.40    3.10    0.00    4.57    52.0   -0.05
 134 24 2018    0.96    1.25    0.00    0.82    0.00    0.00   -0.75    0.00   -1.46    0.78    0.00    6.14    52.8    0.00
 135 24 2018    0.00    0.00    0.00    1.97    0.00    0.00    0.00    0.00   -1.41    5.58    0.00    0.00    54.8    0.00
 136 24 2018    0.00    0.00    0.00    3.50    0.00    0.00    0.00    0.00   -4.13    0.63    0.00    0.00    58.3    0.00
 137 24 2018    0.04    0.00    0.00    3.86    0.00    0.00    0.00    0.00   -4.10    0.28    0.00    0.00    62.2    0.00
 138 24 2018    1.63    0.59    0.00    1.22    0.00    0.00    0.54    0.00   -0.31    0.19    0.00    0.00    63.4    0.00
 139 24 2018   15.42    2.59    0.00    0.45    0.00    0.00    5.17    0.00    7.61    0.06    0.00    0.00    63.8    2.13
 140 24 2018    1.92    7.06    0.00    0.03    0.00    0.00   -5.70    0.00    2.87    0.94    0.00    0.08    63.8    3.70
 141 24 2018    0.04    0.04    0.00    2.78    0.00    0.00    0.00    0.00   -3.00    0.13    0.00    0.01    66.6    0.20
 142 24 2018    0.96    0.70    0.00    2.17    0.00    0.00    0.00    0.00   -1.25    0.05    0.00    0.00    68.8    0.00
 143 24 2018    0.00    0.00    0.00    2.65    0.00    0.00    0.00    0.00   -2.71    0.06    0.00    0.00    71.4    0.00
 144 24 2018    0.00    0.00    0.00    3.64    0.00    0.00    0.00    0.00   -3.71    0.07    0.00    0.00    75.1    0.00
 145 24 2018    0.00    0.00    0.00    3.46    0.00    0.00    0.00    0.00   -3.54    0.07    0.00    0.00    78.6    0.00
 146 24 2018    0.00    0.00    0.00    3.31    0.00    0.00    0.00    0.00   -0.59   -2.72    0.00    0.00    81.9    0.00
 147 24 2018    0.04    0.00    0.00    3.04    0.00    0.00    0.00    0.00    1.60   -4.60    0.00    0.00    84.9    0.00
 148 24 2018    0.96    0.00    0.00    1.37    0.00    0.00    0.00    0.00    0.94   -1.35    0.00    0.00    86.3    0.00
 149 24 2018    0.00    0.00    0.00    2.12    0.00    0.00    0.00    0.00   -4.40    2.28    0.00    0.00    88.4    0.00
 150 24 2018    0.00    0.00    0.00    3.95    0.00    0.00    0.00    0.00   -4.66    0.71    0.00    0.00    92.4    0.00
 151 24 2018    0.00    0.00    0.00    3.94    0.00    0.00    0.00    0.00   -4.13    0.19    0.00    0.00    96.3    0.00
 152 24 2018    0.00    0.00    0.00    5.87    0.00    0.00    0.00    0.00   -5.93    0.06    0.00    0.00   102.2    0.00
 153 24 2018    0.00    0.00    0.00    4.46    0.00    0.00    0.00    0.00   -4.48    0.02    0.00    0.00   106.6    0.00
 154 24 2018    0.00    0.00    0.00    2.76    0.00    0.00    0.00    0.00   -2.77    0.01    0.00    0.00   109.4    0.00
 155 24 2018    0.00    0.00    0.00    2.06    0.00    0.00    0.00    0.00   -2.07    0.01    0.00    0.00   111.4    0.00
 156 24 2018    0.00    0.00    0.00    1.24    0.00    0.00    0.00    0.00   -1.24    0.00    0.00    0.00   112.7    0.00
 157 24 2018    0.00    0.00    0.00    0.83    0.00    0.00    0.00    0.00   -0.84    0.00    0.00    0.00   113.5    0.00
 158 24 2018    0.00    0.00    0.00    0.72    0.00    0.00    0.00    0.00   -0.72    0.00    0.00    0.00   114.2    0.00
 159 24 2018    0.00    0.00    0.00    0.51    0.00    0.00    0.00    0.00   -0.51    0.00    0.00    0.00   114.7    0.00
 160 24 2018    0.00    0.00    0.00    0.44    0.00    0.00    0.00    0.00   -0.45    0.00    0.00    0.00   115.2    0.00
 161 24 2018    0.00    0.00    0.00    0.46    0.00    0.00    0.00    0.00   -0.46    0.00    0.00    0.00   115.6    0.00
 162 24 2018    0.00    0.00    0.00    0.36    0.00    0.00    0.00    0.00   -0.36    0.00    0.00    0.00   116.0    0.00
 163 24 2018    0.00    0.00    0.00    0.24    0.00    0.00    0.00    0.00   -0.24    0.00    0.00    0.00   116.2    0.00
 164 24 2018    0.00    0.00    0.00    0.31    0.00    0.00    0.00    0.00   -0.31    0.00    0.00    0.00   116.6    0.00
 165 24 2018    0.04    0.00    0.00    0.33    0.00    0.00    0.00    0.00   -0.29    0.00    0.00    0.00   116.9    0.00
 166 24 2018    1.04    0.00    0.00    0.91    0.00    0.00    0.00    0.00    0.13    0.00    0.00    0.00   117.8    0.00
 167 24 2018    3.08    0.00    0.00    1.62    0.00    0.00    0.00    0.00    1.47    0.00    0.00    0.00   119.4    0.00
 168 24 2018   26.83    0.00    0.00    0.57    0.00    0.00    0.00    0.00   26.26    0.00    0.00    0.00   120.0    0.00
 169 24 2018    0.13    0.00    0.00    2.87    0.00    0.00    0.00    0.00   -2.96    0.22    0.00    0.00   122.8    0.00
 170 24 2018    2.88    0.00    0.00    1.65    0.00    0.00    0.00    0.00    0.96    0.26    0.00    0.00   124.5    0.00
 171 24 2018    0.00    0.00    0.00    2.08    0.00    0.00    0.00    0.00   -2.34    0.26    0.00    0.00   126.6    0.00
 172 24 2018    0.00    0.00    0.00    3.77    0.00    0.00    0.00    0.00   -3.90    0.13    0.00    0.00   130.3    0.00
 173 24 2018    0.00    0.00    0.00    4.55    0.00    0.00    0.00    0.00   -4.61    0.05    0.00    0.00   134.9    0.00
 174 24 2018    0.17    0.00    0.00    3.37    0.00    0.00    0.00    0.00   -3.22    0.02    0.00    0.00   138.3    0.00
 175 24 2018    3.83    0.00    0.00    2.02    0.00    0.00    0.00    0.00    1.80    0.01    0.00    0.00   140.3    0.00
 176 24 2018    0.00    0.00    0.00    4.24    0.00    0.00    0.00    0.00   -4.25    0.01    0.00    0.00   144.5    0.00
 177 24 2018    0.00    0.00    0.00    2.88    0.00    0.00    0.00    0.00   -2.88    0.01    0.00    0.00   147.4    0.00
 178 24 2018    0.00    0.00    0.00    1.67    0.00    0.00    0.00    0.00   -1.67    0.01    0.00    0.00   149.1    0.00
 179 24 2018    0.00    0.00    0.00    1.20    0.00    0.00    0.00    0.00   -1.21    0.01    0.00    0.00   150.3    0.00
 180 24 2018    0.04    0.00    0.00    0.61    0.00    0.00    0.00    0.00   -0.57    0.00    0.00    0.00   150.9    0.00
 181 24 2018    0.96    0.00    0.00    1.24    0.00    0.00    0.00    0.00   -0.28    0.00    0.00    0.00   152.1    0.00
 182 24 2018    0.00    0.00    0.00    0.80    0.00    0.00    0.00    0.00   -0.80    0.00    0.00    0.00   152.9    0.00
 183 24 2018    0.00    0.00    0.00    0.53    0.00    0.00    0.00    0.00   -0.53    0.00    0.00    0.00   153.4    0.00
 184 24 2018    0.00    0.00    0.00    0.36    0.00    0.00    0.00    0.00   -0.36    0.00    0.00    0.00   153.8    0.00
 185 24 2018    0.00    0.00    0.00    0.20    0.00    0.00    0.00    0.00   -0.20    0.00    0.00    0.00   154.0    0.00
 186 24 2018    0.00    0.00    0.00    0.29    0.00    0.00    0.00    0.00   -0.30    0.00    0.00    0.00   154.3    0.00
 187 24 2018    0.29    0.00    0.00    0.29    0.00    0.00    0.00    0.00    0.00    0.00    0.00    0.00   154.6    0.00
 188 24 2018    6.71    0.00    0.00    2.39    0.00    0.00    0.00    0.00    4.31    0.00    0.00    0.00   157.0    0.00
 189 24 2018    0.00    0.00    0.00    2.04    0.00    0.00    0.00    0.00   -2.04    0.00    0.00    0.00   159.0    0.00
 190 24 2018    0.00    0.00    0.00    1.20    0.00    0.00    0.00    0.00   -1.20    0.00    0.00    0.00   160.2    0.00
 191 24 2018    0.00    0.00    0.00    0.71    0.00    0.00    0.00    0.00   -0.71    0.00    0.00    0.00   160.9    0.00
 192 24 2018    0.08    0.00    0.00    0.49    0.00    0.00    0.00    0.00   -0.41    0.00    0.00    0.00   161.4    0.00
 193 24 2018    2.00    0.00    0.00    1.63    0.00    0.00    0.00    0.00    0.37    0.00    0.00    0.00   163.0    0.00
 194 24 2018    1.92    0.00    0.00    1.95    0.00    0.00    0.00    0.00   -0.03    0.00    0.00    0.00   165.0    0.00
 195 24 2018    0.50    0.00    0.00    0.82    0.00    0.00    0.00    0.00   -0.33    0.00    0.00    0.00   165.8    0.00
 196 24 2018   11.58    0.00    0.00    0.67    0.00    0.00    0.00    0.00   10.91    0.00    0.00    0.00   166.5    0.00
 197 24 2018    1.92    0.00    0.00    3.00    0.00    0.00    0.00    0.00   -1.08    0.00    0.00    0.00   169.5    0.00
 198 24 2018    0.00    0.00    0.00    3.25    0.00    0.00    0.00    0.00   -3.25    0.00    0.00    0.00   172.7    0.00
 199 24 2018    0.00    0.00    0.00    2.62    0.00    0.00    0.00    0.00   -2.62    0.00    0.00    0.00   175.4    0.00
 200 24 2018    0.00    0.00    0.00    1.40    0.00    0.00    0.00    0.00   -1.40    0.00    0.00    0.00   176.7    0.00
 201 24 2018    0.04    0.00    0.00    0.84    0.00    0.00    0.00    0.00   -0.80    0.00    0.00    0.00   177.6    0.00
 202 24 2018    1.58    0.00    0.00    1.27    0.00    0.00    0.00    0.00    0.31    0.00    0.00    0.00   178.9    0.00
 203 24 2018   14.88    0.00    0.00    2.06    0.00    0.00    0.00    0.00   12.81    0.00    0.00    0.00   180.9    0.00
 204 24 2018   11.50    0.00    0.00    1.01    0.00    0.00    0.00    0.00   10.49    0.00    0.00    0.00   181.9    0.00
 205 24 2018    0.13    0.00    0.00    3.10    0.00    0.00    0.00    0.00   -3.09    0.11    0.00    0.00   185.0    0.00
 206 24 2018    2.96    0.00    0.00    2.54    0.00    0.00    0.00    0.00    0.30    0.12    0.00    0.00   187.6    0.00
 207 24 2018    1.96    0.00    0.00    2.39    0.00    0.00    0.00    0.00   -0.55    0.12    0.00    0.00   190.0    0.00
 208 24 2018    0.96    0.00    0.00    3.01    0.00    0.00    0.00    0.00   -2.15    0.10    0.00    0.00   193.0    0.00
 209 24 2018    0.00    0.00    0.00    2.40    0.00    0.00    0.00    0.00   -2.46    0.06    0.00    0.00   195.4    0.00
 210 24 2018    0.00    0.00    0.00    3.83    0.00    0.00    0.00    0.00   -3.86    0.03    0.00    0.00   199.2    0.00
 211 24 2018    0.00    0.00    0.00    2.84    0.00    0.00    0.00    0.00   -2.85    0.02    0.00    0.00   202.0    0.00
 212 24 2018    0.00    0.00    0.00    3.44    0.00    0.00    0.00    0.00   -3.45    0.01    0.00    0.00   205.5    0.00
 213 24 2018    0.00    0.00    0.00    2.06    0.00    0.00    0.00    0.00   -2.07    0.01    0.00    0.00   207.5    0.00
 214 24 2018    0.13    0.00    0.00    1.29    0.00    0.00    0.00    0.00   -1.18    0.01    0.00    0.00   208.8    0.00
 215 24 2018    2.88    0.00    0.00    1.88    0.00    0.00    0.00    0.00    0.98    0.01    0.00    0.00   210.7    0.00
 216 24 2018    0.08    0.00    0.00    1.66    0.00    0.00    0.00    0.00   -1.58    0.00    0.00    0.00   212.4    0.00
 217 24 2018    1.92    0.00    0.00    2.00    0.00    0.00    0.00    0.00   -0.09    0.00    0.00    0.00   214.4    0.00
 218 24 2018    0.00    0.00    0.00    1.06    0.00    0.00    0.00    0.00   -1.06    0.00    0.00    0.00   215.4    0.00
 219 24 2018    0.04    0.00    0.00    0.73    0.00    0.00    0.00    0.00   -0.69    0.00    0.00    0.00   216.2    0.00
 220 24 2018    0.96    0.00    0.00    1.18    0.00    0.00    0.00    0.00   -0.22    0.00    0.00    0.00   217.3    0.00
 221 24 2018    0.00    0.00    0.00    0.69    0.00    0.00    0.00    0.00   -0.69    0.00    0.00    0.00   218.0    0.00
 222 24 2018    0.00    0.00    0.00    0.39    0.00    0.00    0.00    0.00   -0.39    0.00    0.00    0.00   218.4    0.00
 223 24 2018    0.00    0.00    0.00    0.40    0.00    0.00    0.00    0.00   -0.40    0.00    0.00    0.00   218.8    0.00
 224 24 2018    0.00    0.00    0.00    0.32    0.00    0.00    0.00    0.00   -0.32    0.00    0.00    0.00   219.1    0.00
 225 24 2018    0.00    0.00    0.00    0.28    0.00    0.00    0.00    0.00   -0.28    0.00    0.00    0.00   219.4    0.00
 226 24 2018    0.00    0.00    0.00   -0.01    0.00    0.00    0.00    0.00    0.00    0.00    0.00    0.00   219.4    0.00
 227 24 2018    0.00    0.00    0.00    0.41    0.00    0.00    0.00    0.00   -0.41    0.00    0.00    0.00   219.8    0.00
 228 24 2018    0.00    0.00    0.00    0.21    0.00    0.00    0.00    0.00   -0.21    0.00    0.00    0.00   220.0    0.00
 229 24 2018    0.04    0.00    0.00    0.18    0.00    0.00    0.00    0.00   -0.14    0.00    0.00    0.00   220.2    0.00
 230 24 2018    0.96    0.00    0.00    0.86    0.00    0.00    0.00    0.00    0.09    0.00    0.00    0.00   221.1    0.00
 231 24 2018    0.00    0.00    0.00    0.29    0.00    0.00    0.00    0.00   -0.29    0.00    0.00    0.00   221.3    0.00
 232 24 2018    0.17    0.00    0.00    0.20    0.00    0.00    0.00    0.00   -0.04    0.00    0.00    0.00   221.5    0.00
 233 24 2018    3.83    0.00    0.00    1.18    0.00    0.00    0.00    0.00    2.65    0.00    0.00    0.00   222.7    0.00
 234 24 2018    0.00    0.00    0.00    1.18    0.00    0.00    0.00    0.00   -1.19    0.00    0.00    0.00   223.9    0.00
 235 24 2018    0.00    0.00    0.00    0.58    0.00    0.00    0.00    0.00   -0.59    0.00    0.00    0.00   224.5    0.00
 236 24 2018    0.04    0.00    0.00    0.38    0.00    0.00    0.00    0.00   -0.34    0.00    0.00    0.00   224.9    0.00
 237 24 2018    0.96    0.00    0.00    0.99    0.00    0.00    0.00    0.00   -0.03    0.00    0.00    0.00   225.9    0.00
 238 24 2018    0.17    0.00    0.00    0.55    0.00    0.00    0.00    0.00   -0.38    0.00    0.00    0.00   226.4    0.00
 239 24 2018    3.83    0.17    0.00    2.62    0.00    0.00    0.00    0.00    1.21    0.00    0.00    0.00   229.0    0.00
 240 24 2018    0.00    0.00    0.00    0.84    0.00    0.00    0.00    0.00   -0.84    0.00    0.00    0.00   229.9    0.00
 241 24 2018    0.00    0.00    0.00    0.56    0.00    0.00    0.00    0.00   -0.56    0.00    0.00    0.00   230.4    0.00
 242 24 2018    0.00    0.00    0.00    0.25    0.00    0.00    0.00    0.00   -0.25    0.00    0.00    0.00   230.7    0.00
 243 24 2018    0.00    0.00    0.00    0.20    0.00    0.00    0.00    0.00   -0.21    0.00    0.00    0.00   230.9    0.00
 244 24 2018    0.00    0.00    0.00    0.09    0.00    0.00    0.00    0.00   -0.09    0.00    0.00    0.00   231.0    0.00
 245 24 2018    0.00    0.00    0.00    0.23    0.00    0.00    0.00    0.00   -0.23    0.00    0.00    0.00   231.2    0.00
 246 24 2018    0.00    0.00    0.00    0.17    0.00    0.00    0.00    0.00   -0.18    0.00    0.00    0.00   231.4    0.00
 247 24 2018    0.25    0.00    0.00    0.12    0.00    0.00    0.00    0.00    0.13    0.00    0.00    0.00   231.5    0.00
 248 24 2018    5.79    0.00    0.00    1.38    0.00    0.00    0.00    0.00    4.41    0.00    0.00    0.00   232.9    0.00
 249 24 2018    1.00    0.08    0.00    1.14    0.00    0.00    0.00    0.00   -0.15    0.00    0.00    0.00   234.0    0.00
 250 24 2018    1.00    0.82    0.00    1.69    0.00    0.00    0.00    0.00   -0.69    0.00    0.00    0.00   235.7    0.00
 251 24 2018    0.96    0.08    0.00    1.60    0.00    0.00    0.00    0.00   -0.64    0.00    0.00    0.00   237.3    0.00
 252 24 2018    0.00    0.00    0.00    1.02    0.00    0.00    0.00    0.00   -1.02    0.00    0.00    0.00   238.3    0.00
 253 24 2018    0.00    0.00    0.00    0.58    0.00    0.00    0.00    0.00   -0.58    0.00    0.00    0.00   238.9    0.00
 254 24 2018    0.00    0.00    0.00    0.34    0.00    0.00    0.00    0.00   -0.34    0.00    0.00    0.00   239.2    0.00
 255 24 2018    0.00    0.00    0.00    0.38    0.00    0.00    0.00    0.00   -0.38    0.00    0.00    0.00   239.6    0.00
 256 24 2018    0.00    0.00    0.00    0.33    0.00    0.00    0.00    0.00   -0.33    0.00    0.00    0.00   240.0    0.00
 257 24 2018    0.00    0.00    0.00    0.22    0.00    0.00    0.00    0.00   -0.22    0.00    0.00    0.00   240.2    0.00
 258 24 2018    0.00    0.00    0.00    0.21    0.00    0.00    0.00    0.00   -0.21    0.00    0.00    0.00   240.4    0.00
 259 24 2018    0.00    0.00    0.00    0.18    0.00    0.00    0.00    0.00   -0.18    0.00    0.00    0.00   240.6    0.00
 260 24 2018    0.00    0.00    0.00    0.16    0.00    0.00    0.00    0.00   -0.16    0.00    0.00    0.00   240.7    0.00
 261 24 2018    0.08    0.00    0.00    0.17    0.00    0.00    0.00    0.00   -0.09    0.00    0.00    0.00   240.9    0.00
 262 24 2018    1.92    0.00    0.00    1.26    0.00    0.00    0.00    0.00    0.65    0.00    0.00    0.00   242.1    0.00
 263 24 2018    0.00    0.00    0.00    0.68    0.00    0.00    0.00    0.00   -0.68    0.00    0.00    0.00   242.8    0.00
 264 24 2018    0.00    0.00    0.00    0.10    0.00    0.00    0.00    0.00   -0.10    0.00    0.00    0.00   242.9    0.00
 265 24 2018    0.00    0.00    0.00    0.25    0.00    0.00    0.00    0.00   -0.25    0.00    0.00    0.00   243.2    0.00
 266 24 2018    0.13    0.13    0.00    0.12    0.00    0.00    0.00    0.00   -0.13    0.00    0.00    0.13   243.3    0.00
 267 24 2018    2.88    1.37    0.00    1.77    0.00    0.00    0.00    0.00    1.23    0.00    0.00    0.00   245.1    0.00
 268 24 2018    0.00    0.00    0.00    0.83    0.00    0.00    0.00    0.00   -0.83    0.00    0.00    0.00   245.9    0.00
 269 24 2018    0.00    0.00    0.00    0.30    0.00    0.00    0.00    0.00   -0.30    0.00    0.00    0.00   246.2    0.00
 270 24 2018    0.00    0.00    0.00    0.13    0.00    0.00    0.00    0.00   -0.13    0.00    0.00    0.00   246.3    0.00
 271 24 2018    0.00    0.00    0.00    0.09    0.00    0.00    0.00    0.00   -0.09    0.00    0.00    0.00   246.4    0.00
 272 24 2018    0.00    0.00    0.00    0.17    0.00    0.00    0.00    0.00   -0.17    0.00    0.00    0.00   246.6    0.00
 273 24 2018    0.00    0.00    0.00    0.14    0.00    0.00    0.00    0.00   -0.14    0.00    0.00    0.00   246.7    0.00
 274 24 2018    0.00    0.00    0.00   -0.07    0.00    0.00    0.00    0.00    0.07    0.00    0.00    0.00   246.7    0.00
 275 24 2018    0.00    0.00    0.00    0.05    0.00    0.00    0.00    0.00   -0.05    0.00    0.00    0.00   246.7    0.00
 276 24 2018    0.13    0.00    0.00    0.08    0.00    0.00    0.00    0.00    0.04    0.00    0.00    0.00   246.8    0.00
 277 24 2018    2.92    0.00    0.00    1.83    0.00    0.00    0.00    0.00    1.09    0.00    0.00    0.00   248.6    0.00
 278 24 2018    1.04    0.92    0.00    1.02    0.00    0.00    0.00    0.00    0.02    0.00    0.00    0.00   249.6    0.00
 279 24 2018    1.96    3.51    0.00    0.45    0.00    0.00    0.00    0.00    1.02    0.00    0.00    0.48   250.1    0.00
 280 24 2018    1.17    2.36    0.00    0.70    0.00    0.00    0.50    0.00    0.45    0.00    0.00    0.00   250.8    0.00
 281 24 2018    4.96    0.00    0.00    0.02    0.00    0.00    5.13    0.00   -0.20    0.00    0.00    0.00   250.8    0.00
 282 24 2018    4.15    0.00    0.00    0.00    0.00    0.00    4.27    0.00   -0.13    0.00    0.00    0.00   250.8    0.00
 283 24 2018    7.33    0.00    0.00    0.01    0.00    0.00    7.41    0.00   -0.09    0.00    0.00    0.00   250.8    0.00
 284 24 2018    3.35    7.12    0.00   -0.06    0.00    0.00   -3.71    0.00    7.11    0.00    0.00    0.00   250.8    0.00
 285 24 2018    0.21    3.74    0.00    0.30    0.00    0.00   -3.60    0.00    3.50    0.00    0.00    0.00   251.1    0.00
 286 24 2018    5.21    4.43    0.00    0.25    0.00    0.00    0.71    0.00    4.25    0.00    0.00    0.00   251.3    0.00
 287 24 2018    9.58    1.85    0.00    0.07    0.00    0.00    7.67    0.00    1.85    0.00    0.00    0.00   251.4    0.00
 288 24 2018    0.04    0.25    0.00    0.11    0.00    0.00   -0.28    0.00    0.21    0.00    0.00    0.00   251.5    0.00
 289 24 2018    0.96    1.62    0.00   -0.01    0.00    0.00   -0.53    0.00    1.50    0.00    0.00    0.00   251.5    0.00
 290 24 2018    0.00    1.70    0.00    0.00    0.00    0.00   -1.63    0.00    1.63    0.00    0.00    0.00   251.5    0.00
 291 24 2018    0.00    1.06    0.00    0.09    0.00    0.00   -1.09    0.00    1.01    0.00    0.00    0.00   251.6    0.00
 292 24 2018    0.00    2.49    0.00    0.14    0.00    0.00   -2.56    0.00    2.43    0.00    0.00    0.00   251.7   -0.01
 293 24 2018    0.00    5.64    0.00    0.11    0.00    0.00   -5.60    0.00    5.48    0.03    0.00    0.00   251.8   -0.01
 294 24 2018    0.00    2.21    0.00    0.48    0.00    0.00   -2.45    0.00   -0.41    0.19    0.00    2.19   252.3    0.00
 295 24 2018    0.00    2.45    0.00    0.25    0.00    0.00   -2.48    0.00    0.36    0.14    0.00    3.92   252.5    0.00
 296 24 2018    0.00    1.81    0.00    0.36    0.00    0.00   -1.77    0.00    4.93    0.40    0.00    0.00   252.9    0.00
 297 24 2018    0.00    0.00    0.00    1.30    0.00    0.00    0.00    0.00   -2.24    0.94    0.00    0.00   254.2    0.00
 298 24 2018    0.00    0.00    0.00    1.26    0.00    0.00    0.00    0.00   -1.75    0.49    0.00    0.00   255.5    0.00
 299 24 2018    0.00    0.00    0.00    2.00    0.00    0.00    0.00    0.00   -2.28    0.27    0.00    0.00   257.5    0.01
 300 24 2018    0.00    0.00    0.00    1.43    0.00    0.00    0.00    0.00   -1.54    0.10    0.00    0.00   258.9    0.00
 301 24 2018    0.00    0.00    0.00    1.45    0.00    0.00    0.00    0.00   -1.51    0.06    0.00    0.00   260.3    0.00
 302 24 2018    0.50    0.00    0.00    2.22    0.00    0.00    0.00    0.00   -2.26    0.04    0.00    0.50   262.6    0.00
 303 24 2018   11.58    0.24    0.00    0.04    0.00    0.00   11.50    0.00   -0.01    0.03    0.00    0.53   262.6    0.00
 304 24 2018    2.00    0.59    0.00    0.12    0.00    0.00    1.34    0.00    0.44    0.01    0.00    0.61   262.7    0.00
 305 24 2018    2.29    2.25    0.00    0.18    0.00    0.00   -0.14    0.00    1.46    0.01    0.00    1.40   262.9    0.00
 306 24 2018    8.87   17.54    0.00    0.25    0.00    0.00  -12.70    0.00   15.93    6.78    0.00    0.00   263.2    0.00
 307 24 2018    5.88    1.55    0.00    0.39    0.00    0.00    0.00    0.00   -2.32    7.85    0.00    0.00   263.5   -0.05
 308 24 2018    3.08    1.08    0.00    0.67    0.00    0.00    0.00    0.00   -1.90    4.15    0.00    0.21   264.2   -0.05
 309 24 2018    4.83    2.82    0.00    0.72    0.00    0.00    1.39    0.00    0.10    2.83    0.00    0.00   264.9    0.00
 310 24 2018    1.00    0.55    0.00    0.23    0.00    0.00    0.46    0.00   -1.87    1.67    0.00    0.51   265.2    0.00
 311 24 2018    0.96    0.00    0.00    0.32    0.00    0.00    1.00    0.00   -1.07    0.70    0.00    0.51   265.5    0.00
 312 24 2018    0.00    0.00    0.00    0.41    0.00    0.00   -0.11    0.00   -0.82    0.52    0.00    0.51   265.9    0.00
 313 24 2018    0.00    0.00    0.00    0.39    0.00    0.00   -0.09    0.00   -0.58    0.28    0.00    0.51   266.3    0.00
 314 24 2018    0.42    0.00    0.00    0.45    0.00    0.00    0.23    0.00   -0.30    0.13    0.00    0.42   266.7    0.00
 315 24 2018    9.62    0.00    0.00    0.01    0.00    0.00    9.68    0.00   -0.05    0.06    0.00    0.34   266.8    0.00
 316 24 2018    0.96    0.00    0.00    0.16    0.00    0.00    0.88    0.00   -0.11    0.03    0.00    0.34   266.9    0.00
 317 24 2018    0.00    0.00    0.00    0.12    0.00    0.00   -0.05    0.00   -0.08    0.02    0.00    0.33   267.0    0.00
 318 24 2018    0.00    0.00    0.00    0.28    0.00    0.00   -0.21    0.00   -0.08    0.02    0.00    0.33   267.3    0.00
 319 24 2018    0.00    0.00    0.00    0.46    0.00    0.00   -0.36    0.00   -0.10    0.01    0.00    0.33   267.8    0.00
 320 24 2018    0.25    0.02    0.00    0.16    0.00    0.00    0.18    0.00   -0.11    0.01    0.00    0.35   267.9    0.00
 321 24 2018    5.75    0.00    0.00    0.00    0.00    0.00    5.83    0.00   -0.09    0.00    0.00    0.35   267.9    0.00
 322 24 2018    0.00    0.00    0.00    0.69    0.00    0.00   -0.63    0.00   -0.06    0.00    0.00    0.34   268.6    0.00
 323 24 2018    0.00    0.00    0.00    0.08    0.00    0.00    0.02    0.00   -0.10    0.00    0.00    0.33   268.7    0.00
 324 24 2018    0.00    0.00    0.00    0.12    0.00    0.00   -0.03    0.00   -0.08    0.00    0.00    0.33   268.8    0.00
 325 24 2018    0.00    0.00    0.00    0.21    0.00    0.00   -0.15    0.00   -0.05    0.00    0.00    0.32   269.0    0.00
 326 24 2018    0.13    0.02    0.00    0.11    0.00    0.00    0.01    0.00    0.00    0.00    0.00    0.33   269.1    0.00
 327 24 2018    3.33    5.98    0.00    0.26    0.00    0.00   -3.06    0.00    0.18    0.00    0.00    6.29   269.4    0.00
 328 24 2018   10.58    5.74    0.00    0.09    0.00    0.00    4.73    0.00    0.06    0.00    0.00   11.99   269.5    0.00
 329 24 2018    0.96    0.00    0.00    0.35    0.00    0.00    0.66    0.00   -0.01    0.00    0.00   11.95   269.9    0.00
 330 24 2018    0.00    0.00    0.00    0.46    0.00    0.00   -0.38    0.00   -0.06    0.00    0.00   11.93   270.3    0.00
 331 24 2018    0.17    0.00    0.00    0.31    0.00    0.00   -0.09    0.00   -0.04    0.00    0.00   11.93   270.6    0.00
 332 24 2018    3.83    0.00    0.00    0.26    0.00    0.00    3.56    0.00    0.02    0.00    0.00   11.92   270.9    0.00
 333 24 2018    0.04    0.00    0.00    0.17    0.00    0.00   -0.11    0.00   -0.01    0.00    0.00   11.91   271.1    0.00
 334 24 2018    0.96    0.00    0.00    0.16    0.00    0.00    0.83    0.00   -0.02    0.00    0.00   11.90   271.2    0.00
 335 24 2018    0.00    0.00    0.00    0.33    0.00    0.00   -0.30    0.00   -0.03    0.00    0.00   11.90   271.5    0.00
 336 24 2018    0.04    0.00    0.00    0.03    0.00    0.00    0.06    0.00   -0.04    0.00    0.00   11.89   271.6    0.00
 337 24 2018    0.96    0.00    0.00    0.00    0.00    0.00    0.99    0.00   -0.03    0.00    0.00   11.89   271.6    0.00
 338 24 2018    0.08    0.00    0.00    0.23    0.00    0.00   -0.10    0.00   -0.04    0.00    0.00   11.88   271.8    0.00
 339 24 2018    1.96    0.00    0.00    0.32    0.00    0.00    1.64    0.00    0.00    0.00    0.00   11.88   272.1    0.00
 340 24 2018    0.96    0.18    0.00   -0.03    0.00    0.00    0.77    0.00    0.04    0.00    0.00   12.05   272.1    0.00
 341 24 2018    0.00    0.00    0.00    0.01    0.00    0.00    0.02    0.00   -0.02    0.00    0.00   12.04   272.1    0.00
 342 24 2018    0.00    0.00    0.00    0.16    0.00    0.00   -0.15    0.00   -0.01    0.00    0.00   12.03   272.3    0.00
 343 24 2018    0.00    0.00    0.00    0.22    0.00    0.00   -0.19    0.00   -0.02    0.00    0.00   12.03   272.5    0.00
 344 24 2018    0.00    0.00    0.00    0.39    0.00    0.00   -0.38    0.00    0.00    0.00    0.00   12.02   272.9    0.00
 345 24 2018    0.08    0.00    0.00    0.85    0.00    0.00   -0.74    0.00   -0.02    0.00    0.00   12.01   273.7    0.00
 346 24 2018    1.92    0.00    0.00    0.27    0.00    0.00    1.66    0.00    0.00    0.00    0.00   12.01   274.0    0.00
 347 24 2018    0.00    0.00    0.00    0.36    0.00    0.00   -0.34    0.00   -0.02    0.00    0.00   12.00   274.3    0.00
 348 24 2018    0.00    0.00    0.00    0.15    0.00    0.00   -0.15    0.00    0.00    0.00    0.00   12.00   274.5    0.00
 349 24 2018    0.00    0.00    0.00    0.50    0.00    0.00   -0.51    0.00    0.01    0.00    0.00   11.99   275.0    0.00
 350 24 2018    0.00    0.00    0.00    0.09    0.00    0.00   -0.08    0.00    0.00    0.00    0.00   11.99   275.1    0.00
 351 24 2018    0.00    0.00    0.00    0.25    0.00    0.00   -0.25    0.00    0.01    0.00    0.00   11.98   275.3    0.00
 352 24 2018    0.21    0.00    0.00    0.39    0.00    0.00   -0.17    0.00    0.00    0.00    0.00   11.97   275.7    0.00
 353 24 2018    4.79    0.00    0.00    0.11    0.00    0.00    4.70    0.00   -0.01    0.00    0.00   11.97   275.8    0.00
 354 24 2018    0.00    0.00    0.00    0.34    0.00    0.00   -0.33    0.00    0.00    0.00    0.00   11.96   276.2    0.00
 355 24 2018    0.13    0.00    0.00    0.93    0.00    0.00   -0.80    0.00    0.00    0.00    0.00   11.95   277.1    0.00
 356 24 2018    2.88    0.00    0.00    0.20    0.00    0.00    2.70    0.00   -0.01    0.00    0.00   11.94   277.3    0.00
 357 24 2018    0.08    0.00    0.00    0.63    0.00    0.00   -0.53    0.00   -0.01    0.00    0.00   11.94   277.9    0.00
 358 24 2018    1.92    0.00    0.00    0.05    0.00    0.00    1.87    0.00    0.00    0.00    0.00   11.93   278.0    0.00
 359 24 2018    0.04    0.00    0.00   -0.01    0.00    0.00    0.08    0.00   -0.02    0.00    0.00   11.92   278.0    0.00
 360 24 2018    0.96    0.00    0.00    0.00    0.00    0.00    0.97    0.00   -0.01    0.00    0.00   11.92   278.0    0.00
 361 24 2018    0.04    0.00    0.00    0.01    0.00    0.00    0.06    0.00   -0.02    0.00    0.00   11.91   278.0    0.00
 362 24 2018    0.96    0.00    0.00    0.00    0.00    0.00    0.98    0.00   -0.02    0.00    0.00   11.91   278.0    0.00
 363 24 2018    0.00    0.00    0.00    0.30    0.00    0.00   -0.29    0.00    0.00    0.00    0.00   11.91   278.3    0.00
 364 24 2018    0.08    0.00    0.00    0.26    0.00    0.00   -0.17    0.00    0.00    0.00    0.00   11.90   278.6    0.00
