
                                       SUMMARY OF WATER BALANCE

                                                              CHANGE IN STORAGE
                               PRECIP          PLANT   ------------------------------  DEEP                     CUM.
 DAY HR  YR   PRECIP  SNOWMELT INTRCP    ET    TRANSP  CANOPY   SNOW  RESIDUE   SOIL   PERC   RUNOFF   PONDED    ET    ERROR
                 MM      MM      MM      MM      MM      MM      MM      MM      MM      MM      MM      MM      MM      MM
   1 24 2018    0.00    0.00    0.00    1.62    1.16    0.00    0.00    0.00  -12.00   10.28    0.00    0.00     1.6    0.10
   2 24 2018    0.00    0.00    0.00    1.30    0.93   -0.01    0.00    0.00   -2.03    0.76    0.00    0.00     2.9   -0.02
   3 24 2018    0.00    0.00    0.00    0.75    0.58    0.00    0.00    0.00   -1.03    0.25    0.00    0.00     3.7    0.02
   4 24 2018    0.00    0.00    0.00    0.67    0.46    0.00    0.00    0.00   -0.77    0.09    0.00    0.00     4.3    0.01
   5 24 2018    0.04    0.03    0.02    0.73    0.56    0.00    0.00    0.00   -0.78    0.07    0.00    0.03     5.1   -0.02
   6 24 2018    1.04    3.21    0.03    1.12    0.50    0.01    0.00    0.00   -0.56    0.06    0.00    0.26     6.2    0.16
   7 24 2018    1.92    1.55    0.00    0.97    0.19   -0.01    1.63    0.00   -0.70    0.04    0.00    0.00     7.2    0.27
   8 24 2018    0.00    0.28    0.00    0.41    0.41    0.00   -0.27    0.00   -0.17    0.03    0.00    0.00     7.6    0.00
   9 24 2018    0.13    0.99    0.05    0.75    0.72    0.00   -1.36    0.00    0.67    0.01    0.00    0.00     8.3    0.00
  10 24 2018    2.96    1.63    0.12    1.33    0.29    0.00    1.76    0.00   -0.29    0.01    0.00    0.00     9.7    0.08
  11 24 2018    2.08    0.00    0.06    0.95    0.00    0.00    1.44    0.00   -0.25    0.00    0.00    0.00    10.6    0.00
  12 24 2018    3.88    0.00    0.02    1.52    0.00    0.00    2.51    0.00   -0.16    0.00    0.00    0.00    12.1    0.06
  13 24 2018    0.96    0.00    0.00    0.39    0.00    0.00    0.67    0.00   -0.28    0.00    0.00    0.00    12.5    0.18
  14 24 2018    0.04    0.00    0.02    0.08    0.01   -0.01    0.08    0.00   -0.13    0.00    0.00    0.00    12.6    0.00
  15 24 2018    0.96    0.00    0.00    0.41    0.00    0.00    0.72    0.00   -0.15    0.00    0.00    0.00    13.0    0.00
  16 24 2018    0.00    0.00    0.00    0.02    0.01   -0.01    0.07    0.00   -0.33    0.00    0.00    0.00    13.0    0.25
  17 24 2018    0.00    0.00    0.00    0.01    0.01    0.01   -0.01    0.00   -0.06    0.00    0.00    0.00    13.0    0.05
  18 24 2018    0.00    0.10    0.00    0.11    0.09    0.00   -0.21    0.00    0.10    0.00    0.00    0.00    13.1   -0.01
  19 24 2018    0.00    0.64    0.00    0.64    0.62    0.00   -0.65    0.00    0.02    0.00    0.00    0.00    13.8    0.00
  20 24 2018    0.58    0.47    0.22    0.38    0.37    0.01   -0.08    0.00    0.05    0.00    0.00    0.00    14.2    0.00
  21 24 2018   13.42    0.00    2.81    0.81    0.00    0.00   10.09    0.00   -0.09    0.00    0.00    0.00    15.0    0.00
  22 24 2018    0.04    0.00    0.02    2.83    0.00    0.00    0.04    0.00   -0.03    0.00    0.00    0.00    17.8    0.00
  23 24 2018    0.96    0.00    0.00    0.42    0.00   -0.01    0.62    0.00   -0.05    0.00    0.00    0.00    18.2   -0.01
  24 24 2018    0.00    0.00    0.00    0.03    0.02    0.00    0.00    0.00   -0.08    0.00    0.00    0.00    18.2    0.05
  25 24 2018    0.08    0.00    0.03    0.04    0.03    0.01    0.03    0.00   -0.07    0.00    0.00    0.00    18.3    0.04
  26 24 2018    1.92    0.00    0.00    0.80    0.00   -0.01    1.23    0.00   -0.13    0.00    0.00    0.00    19.1    0.06
  27 24 2018    0.00    0.00    0.00    0.02    0.00    0.00    0.04    0.00   -0.06    0.00    0.00    0.00    19.1    0.00
  28 24 2018    0.00    0.00    0.00   -0.09    0.00    0.01    0.01    0.00   -0.05    0.00    0.00    0.00    19.0    0.13
  29 24 2018    0.00    0.00    0.00    0.04    0.02   -0.01   -0.01    0.00   -0.01    0.00    0.00    0.00    19.1   -0.01
  30 24 2018    0.08    0.00    0.03    0.06    0.03    0.00   -0.02    0.00    0.01    0.00    0.00    0.00    19.1   -0.01
  31 24 2018    2.33    0.00    0.16    0.83    0.03    0.01    1.36    0.00    0.03    0.00    0.00    0.00    19.9   -0.02
  32 24 2018    9.58    0.00    0.49    3.26    0.00    0.00    6.01    0.00   -0.03    0.00    0.00    0.00    23.2    0.01
  33 24 2018    0.13    0.00    0.05    0.59    0.03    0.00    0.07    0.00   -0.02    0.00    0.00    0.00    23.8   -0.06
  34 24 2018    3.04    0.00    0.06    1.24    0.02    0.00    1.85    0.00   -0.14    0.00    0.00    0.00    25.0    0.08
  35 24 2018    4.25    0.00    0.16    1.50    0.01    0.01    2.64    0.00   -0.19    0.00    0.00    0.00    26.5    0.20
  36 24 2018    9.58    0.00    1.44    2.32    0.00   -0.01    6.01    0.00   -0.01    0.00    0.00    0.00    28.9   -0.01
  37 24 2018    0.00    0.00    0.00    1.51    0.01   -0.01   -0.03    0.00   -0.03    0.00    0.00    0.00    30.4    0.00
  38 24 2018    0.00    0.00    0.00    0.03    0.01    0.01   -0.02    0.00   -0.04    0.00    0.00    0.00    30.4    0.02
  39 24 2018    0.29    0.00    0.11    0.06    0.03    0.00    0.17    0.00   -0.03    0.00    0.00    0.00    30.5   -0.02
  40 24 2018    7.25    0.00    0.81    2.02    0.02    0.00    4.50    0.00   -0.05    0.00    0.00    0.00    32.5    0.08
  41 24 2018   12.50    0.00    2.77    1.01    0.00    0.00    9.60    0.00   -0.02    0.00    0.00    0.00    33.5   -0.03
  42 24 2018    1.04    0.00    0.11    3.04    0.00    0.00    0.70    0.00   -0.03    0.00    0.00    0.00    36.5    0.00
  43 24 2018    1.92    0.00    0.18    0.63    0.01    0.01    1.24    0.00   -0.26    0.00    0.00    0.00    37.2    0.23
  44 24 2018    0.00    0.00    0.00    0.24    0.03    0.00   -0.01    0.00   -0.03    0.00    0.00    0.00    37.4   -0.02
  45 24 2018    0.00    0.00    0.00    0.05    0.05    0.00   -0.04    0.00   -0.05    0.00    0.00    0.00    37.5    0.04
  46 24 2018    0.00    0.00    0.00    0.12    0.02    0.00   -0.06    0.00   -0.03    0.00    0.00    0.00    37.6   -0.03
  47 24 2018    0.00    0.00    0.00    0.07    0.02    0.00   -0.01    0.00   -0.05    0.00    0.00    0.00    37.7    0.00
  48 24 2018    0.00    0.00    0.00    0.09    0.01    0.00   -0.05    0.00   -0.04    0.00    0.00    0.00    37.8    0.00
  49 24 2018    0.00    0.00    0.00    0.06    0.04    0.01   -0.05    0.00   -0.02    0.00    0.00    0.00    37.8    0.00
  50 24 2018    0.00    0.00    0.00    0.10    0.03   -0.01   -0.04    0.00   -0.04    0.00    0.00    0.00    37.9   -0.01
  51 24 2018    0.00    0.00    0.00    0.06    0.00    0.00    0.00    0.00   -0.06    0.00    0.00    0.00    38.0    0.00
  52 24 2018    0.00    0.00    0.00    0.05    0.00    0.00    0.00    0.00   -0.04    0.00    0.00    0.00    38.0   -0.01
  53 24 2018    0.25    0.00    0.09    0.08    0.00    0.00    0.12    0.00   -0.03    0.00    0.00    0.00    38.1    0.00
  54 24 2018    5.79    0.00    0.84    1.43    0.00    0.00    3.64    0.00   -0.18    0.00    0.00    0.00    39.5    0.15
  55 24 2018    1.00    0.00    0.02    1.23    0.00    0.00    0.62    0.00   -0.02    0.00    0.00    0.00    40.8    0.00
  56 24 2018    0.96    0.00    0.00    0.42    0.00    0.00    0.58    0.00   -0.02    0.00    0.00    0.00    41.2    0.00
  57 24 2018    0.00    0.00    0.00    0.06    0.00    0.00   -0.02    0.00   -0.02    0.00    0.00    0.00    41.2   -0.01
  58 24 2018    0.04    0.00    0.02    0.01    0.01    0.00    0.02    0.00   -0.01    0.00    0.00    0.00    41.3    0.00
  59 24 2018    0.96    0.00    0.06    0.30    0.00    0.01    0.61    0.00   -0.41    0.00    0.00    0.00    41.6    0.41
  60 24 2018    0.00    0.00    0.00    0.07    0.01    0.00   -0.02    0.00   -0.02    0.00    0.00    0.00    41.6    0.03
  61 24 2018    0.00    0.01    0.00    0.12    0.05    0.00   -0.10    0.00    0.04    0.00    0.00    0.00    41.8   -0.05
  62 24 2018    0.00    0.55    0.00    0.28    0.25    0.00   -0.63    0.00    0.36   -0.01    0.00    0.00    42.0   -0.01
  63 24 2018    0.00    2.09    0.00    0.82    0.72    0.00   -2.20    0.00    1.38   -0.01    0.00    0.00    42.9    0.00
  64 24 2018    0.08    0.00    0.03    0.16    0.00    0.00   -0.04    0.00   -0.06   -0.01    0.00    0.00    43.0   -0.01
  65 24 2018    1.92    0.00    0.00    0.86    0.00    0.00    1.13    0.00   -0.48   -0.01    0.00    0.00    43.9    0.44
  66 24 2018    0.00    0.00    0.00    0.03    0.01    0.00    0.00    0.00   -0.02    0.00    0.00    0.00    43.9   -0.01
  67 24 2018    0.17    0.00    0.06    0.03    0.04    0.01    0.07    0.00   -0.01    0.00    0.00    0.00    43.9    0.01
  68 24 2018    3.88    0.00    0.19    1.41    0.06    0.01    2.36    0.00   -0.20    0.00    0.00    0.00    45.3    0.17
  69 24 2018    0.96    0.00    0.00    0.58    0.00   -0.01    0.60    0.00   -0.19    0.00    0.00    0.00    45.9    0.17
  70 24 2018    0.00    0.00    0.00    0.05    0.04    0.00   -0.02    0.00   -0.03    0.00    0.00    0.00    46.0    0.00
  71 24 2018    0.00    0.00    0.00    0.09    0.06    0.00   -0.04    0.00   -0.04    0.00    0.00    0.00    46.1    0.00
  72 24 2018    0.00    0.59    0.00    0.40    0.37    0.00   -0.64    0.00    0.27    0.00    0.00    0.00    46.5   -0.02
  73 24 2018    0.08    9.77    0.03    1.21    1.19    0.00   -9.73    0.00    6.25    0.00    0.00    2.33    47.7   -0.01
  74 24 2018    1.92    2.63    0.00    1.87    1.05    0.00   -1.49    0.00    0.18    0.00    0.00    3.72    49.5    0.00
  75 24 2018    0.00    1.71    0.00    1.50    1.09   -0.01   -2.06    0.00   -0.04    0.00    0.00    4.38    51.0   -0.03
  76 24 2018    0.21   10.53    0.08    1.42    1.37    0.00  -10.42    0.00   -0.09    0.00    0.00   13.62    52.5   -0.01
  77 24 2018    4.79    0.31    0.34    1.90    0.33    0.00    2.64    0.00   -0.03    0.00    0.00   13.55    54.4    0.09
  78 24 2018    0.04    0.00    0.02    0.64    0.18    0.00   -0.05    0.00   -0.15    0.00    0.00   13.50    55.0   -0.02
  79 24 2018    0.96    0.00    0.00    0.51    0.01    0.00    0.48    0.00   -0.02    0.00    0.00   13.49    55.5    0.01
  80 24 2018    0.04    0.32    0.02    1.00    0.99    0.01   -0.32    0.00    0.06    0.00    0.00   12.80    56.5   -0.01
  81 24 2018    1.21    3.07    0.09    2.03    1.67    0.01   -2.34    0.00    0.14    0.00    0.00   14.00    58.5    0.10
  82 24 2018    5.75    9.03    0.12    3.19    0.95    0.00   -5.53    0.00    0.23    0.00    1.85   20.00    61.7    0.01
  83 24 2018    0.04   11.36    0.02    2.02    1.82   -0.01  -11.34    0.00    0.05    0.00    9.52   19.94    63.8   -0.03
  84 24 2018    1.38    8.30    0.24    2.34    1.96    0.01   -7.46    0.00    0.06    0.00    6.12   19.96    66.1    0.07
  85 24 2018    9.67    5.71    1.46    2.98    0.51   -0.01    0.36    0.00   -0.13    0.00    5.22   19.99    69.1    0.00
  86 24 2018    2.21    0.00    0.11    2.24    0.00   -0.01    1.43    0.00   -0.06    0.00    0.00   19.97    71.3   -0.02
  87 24 2018    6.79    0.00    0.78    1.96    0.05    0.01    4.24    0.00   -0.28    0.00    0.00   19.95    73.3    0.21
  88 24 2018    1.92    0.00    0.00    1.54    0.02    0.00    1.24    0.00   -0.16    0.00    0.00   19.94    74.8    0.10
  89 24 2018    0.00    0.36    0.00    0.75    0.72    0.00   -0.42    0.00   -0.29    0.00    0.29   19.62    75.6   -0.02
  90 24 2018    0.29    2.86    0.11    1.49    1.45    0.00   -2.72    0.00    0.15    0.00    1.14   19.77    77.0   -0.03
  91 24 2018    6.83    4.38    0.05    4.56    1.87   -0.01   -0.20    0.00    0.40    0.00    2.23   19.68    81.6    0.02
  92 24 2018    2.88   13.79    0.00    4.82    3.64    0.00  -11.91    0.00    0.33    0.00    9.62   19.72    86.4    0.02
  93 24 2018    0.00    1.30    0.00    2.18    1.40   -0.01   -1.62    0.00   -0.23    0.00    0.13   19.29    88.6   -0.02
  94 24 2018    0.00    1.07    0.00    3.45    2.60    0.01   -1.01    0.00    0.26    0.00    0.00   16.57    92.0    0.01
  95 24 2018    0.67    0.41    0.25    2.15    1.87    0.01    0.00    0.00    3.26    0.00    0.00   11.55    94.2    0.01
  96 24 2018   15.58    0.00    2.95    0.48    0.00    0.00   13.03    0.00    0.50    0.00    0.00   10.43    94.7    0.00
  97 24 2018    6.21    1.99    2.21    2.20    0.00    0.01    2.70    0.00    0.46    0.00    0.00   12.01    96.9    0.01
  98 24 2018   10.67    1.92    1.78    4.01    0.00   -0.02    5.20    0.00    0.02    0.00    0.00   13.89   100.9   -0.01
  99 24 2018    2.88    2.80    0.00    3.88    1.02    0.00   -0.97    0.00   -0.06    0.00    0.00   15.69   104.8    0.00
 100 24 2018    0.00    4.60    0.00    2.98    2.96    0.00   -4.61    0.00   -0.29    0.00    0.00   17.63   107.8   -0.01
 101 24 2018    0.04    9.30    0.02    4.43    4.38    0.00   -9.27    0.00    0.52    0.00    2.33   19.67   112.2   -0.04
 102 24 2018    0.96    6.86    0.00    5.41    4.40    0.01   -6.08    0.00   -0.03    0.01    3.89   17.56   117.6   -0.12
 103 24 2018    0.04    0.16    0.02    1.39    0.19   -0.01    0.00    0.00    0.04    0.01    0.00   16.19   119.0   -0.03
 104 24 2018    1.00    3.86    0.02    3.19    1.76    0.01    0.00    0.00    0.83    0.01    0.00   13.14   122.2    0.02
 105 24 2018    0.96    2.62    0.00    4.11    2.85    0.00    0.00    0.00    0.00    0.02    0.00   10.00   126.3   -0.01
 106 24 2018    0.13    0.00    0.05    3.79    3.04   -0.01    0.00    0.00    0.30    0.03    0.00    5.99   130.1   -0.03
 107 24 2018    2.88    1.86    0.00    3.65    1.66    0.00    0.75    0.00    0.06    0.03    0.00    4.42   133.7    0.00
 108 24 2018    0.00    0.42    0.00    3.00    2.44    0.00   -0.75    0.00   -0.37    0.01    0.00    2.53   136.7    0.01
 109 24 2018    0.25    0.16    0.09    3.17    2.50    0.01    0.00    0.00   -0.64    0.00    0.00    0.16   139.9   -0.01
 110 24 2018    5.96    1.91    1.08    1.28    0.00    0.00    2.87    0.00    1.41    0.00    0.00    0.00   141.2   -0.43
 111 24 2018    4.79    0.00    0.67    2.22    0.00    0.01    3.14    0.00   -0.17    0.00    0.00    0.00   143.4    0.00
 112 24 2018    0.04    4.58    0.02    2.64    1.95    0.00   -4.46    0.00    0.12    0.01    0.00    2.26   146.0    0.13
 113 24 2018    1.50    2.42    0.27    4.23    3.61    0.00   -1.54    0.00    0.38    0.01    0.00    0.39   150.3    0.04
 114 24 2018   12.46    0.00    2.94    0.33    0.00   -0.01   10.07    0.00   -0.24    0.01    0.00    0.00   150.6    0.01
 115 24 2018    0.00    3.55    0.00    4.28    1.32    0.00   -3.44    0.00    0.45    0.01    0.00    1.77   154.9   -0.13
 116 24 2018    0.00    4.31    0.00    1.94    1.90    0.00   -4.16    0.00    0.36    0.04    0.00    3.62   156.8   -0.03
 117 24 2018    0.00    2.58    0.00    3.35    3.13    0.00   -2.48    0.00   -0.06    0.07    0.00    2.75   160.2   -0.01
 118 24 2018    0.00    0.00    0.00    3.68    3.06    0.01    0.00    0.00   -2.55    1.63    0.00    0.00   163.8   -0.02
 119 24 2018    0.00    0.00    0.00    4.66    3.70   -0.01    0.00    0.00   -4.90    0.25    0.00    0.00   168.5    0.00
 120 24 2018    0.08    0.05    0.03    4.48    3.51    0.01    0.00    0.00   -4.56    0.11    0.00    0.00   173.0    0.01
 121 24 2018    2.75    1.34    0.49    1.90    0.92    0.00    0.00    0.00   -0.09    0.07    0.00    0.41   174.9    0.00
 122 24 2018   20.21    1.27    2.96    0.15    0.00    0.00   16.85    0.00    1.08    0.06    0.00    0.00   175.0    0.01
 123 24 2018   23.96    4.73    2.90    0.30    0.00    0.00   19.03    0.00    4.65    0.05    0.00    0.00   175.3    0.00
 124 24 2018    0.00    3.93    0.00    3.59    0.68    0.00   -3.92    0.00    3.22    0.05    0.00    0.00   178.9   -0.04
 125 24 2018    0.00   12.14    0.00    3.86    3.84    0.00  -12.12    0.00    3.21    1.36    0.00    0.00   182.8    3.68
 126 24 2018    0.00   12.32    0.00    2.99    2.99    0.00  -12.25    0.00    0.38    6.74    0.00    0.00   185.8    2.13
 127 24 2018    0.00    7.72    0.00    3.74    3.63    0.00   -7.58    0.00   -1.24    4.85    0.00    0.00   189.5    0.24
 128 24 2018    0.00    0.00    0.00    5.68    4.33    0.00    0.00    0.00   -5.98    0.33    0.00    0.00   195.2   -0.03
 129 24 2018    0.00    0.00    0.00    5.31    4.08    0.00    0.00    0.00   -5.53    0.17    0.00    0.00   200.5    0.04
 130 24 2018    0.04    0.00    0.02    5.85    4.47    0.01    0.00    0.00   -5.97    0.13    0.00    0.00   206.4    0.01
 131 24 2018    1.04    0.05    0.10    3.00    2.10    0.00    0.00    0.00   -2.16    0.10    0.00    0.00   209.4    0.01
 132 24 2018    2.38    0.05    0.42    1.98    0.70    0.00    0.00    0.00    0.00    0.09    0.00    0.00   211.3   -0.02
 133 24 2018   10.58    1.52    2.56    2.20    0.00   -0.01    0.00    0.00    6.17    0.07    0.00    0.00   213.5    0.01
 134 24 2018    0.96    0.13    1.27    2.01    0.00    0.00    0.00    0.00    0.16    0.08    0.00    0.00   215.5   -0.01
 135 24 2018    0.00    0.00    0.00    3.37    1.39    0.00    0.00    0.00   -2.72    0.66    0.00    0.00   218.9   -0.04
 136 24 2018    0.00    0.00    0.00    5.31    3.99    0.00    0.00    0.00   -5.66    0.40    0.00    0.00   224.2   -0.05
 137 24 2018    0.04    0.00    0.02    5.83    4.32   -0.01    0.00    0.00   -5.85    0.08    0.00    0.00   230.1   -0.03
 138 24 2018    1.63    0.54    0.26    2.26    1.38    0.02    0.00    0.00   -0.94    0.03    0.00    0.00   232.3    0.02
 139 24 2018   15.42    3.29    2.99    0.71    0.00    0.00    4.19    0.00    7.78    0.02    0.00    0.00   233.0    0.00
 140 24 2018    1.92    5.31    1.72    1.82    0.00    0.00   -4.19    0.00    5.36    0.19    0.00    0.00   234.8    0.00
 141 24 2018    0.04    0.03    0.02    5.05    2.23    0.00    0.00    0.00   -3.71    0.47    0.00    0.00   239.9   -0.06
 142 24 2018    0.96    0.13    0.00    4.31    2.90    0.01    0.00    0.00   -3.51    0.16    0.00    0.00   244.2    0.00
 143 24 2018    0.00    0.00    0.00    3.38    2.47    0.00    0.00    0.00   -3.44    0.06    0.00    0.00   247.6   -0.01
 144 24 2018    0.00    0.00    0.00    5.56    4.14   -0.01    0.00    0.00   -5.58    0.03    0.00    0.00   253.1    0.00
 145 24 2018    0.00    0.00    0.00    5.33    4.00    0.02    0.00    0.00   -5.39    0.01    0.00    0.00   258.5    0.02
 146 24 2018    0.00    0.00    0.00    2.54    1.52   -0.03    0.00    0.00   -2.51    0.01    0.00    0.00   261.0   -0.01
 147 24 2018    0.04    0.00    0.02    0.84    0.53    0.02    0.00    0.00   -0.85    0.01    0.00    0.00   261.9    0.00
 148 24 2018    0.96    0.00    0.00    0.94    0.06   -0.01    0.00    0.00    0.00    0.00    0.00    0.00   262.8    0.04
 149 24 2018    0.00    0.00    0.00    0.95    0.29   -0.01    0.00    0.00   -0.94    0.00    0.00    0.00   263.7    0.00
 150 24 2018    0.00    0.00    0.00    0.65    0.27    0.00    0.00    0.00   -0.65    0.00    0.00    0.00   264.4    0.00
 151 24 2018    0.00    0.00    0.00    0.55    0.23   -0.01    0.00    0.00   -0.54    0.00    0.00    0.00   264.9    0.00
 152 24 2018    0.00    0.00    0.00    0.51    0.15    0.00    0.00    0.00   -0.49    0.00    0.00    0.00   265.4   -0.02
 153 24 2018    0.00    0.00    0.00    0.31    0.09    0.02    0.00    0.00   -0.35    0.00    0.00    0.00   265.8    0.02
 154 24 2018    0.00    0.00    0.00    0.20    0.04   -0.01    0.00    0.00   -0.20    0.00    0.00    0.00   266.0    0.00
 155 24 2018    0.00    0.00    0.00    0.36    0.06    0.00    0.00    0.00   -0.34    0.00    0.00    0.00   266.3   -0.01
 156 24 2018    0.00    0.00    0.00    0.24    0.01    0.00    0.00    0.00   -0.26    0.00    0.00    0.00   266.6    0.01
 157 24 2018    0.00    0.00    0.00    0.16    0.00    0.01    0.00    0.00   -0.19    0.00    0.00    0.00   266.7    0.02
 158 24 2018    0.00    0.00    0.00    0.27    0.00   -0.02    0.00    0.00   -0.25    0.00    0.00    0.00   267.0    0.00
 159 24 2018    0.00    0.00    0.00    0.18    0.00    0.01    0.00    0.00   -0.18    0.00    0.00    0.00   267.2   -0.01
 160 24 2018    0.00    0.00    0.00    0.22    0.01    0.00    0.00    0.00   -0.22    0.00    0.00    0.00   267.4   -0.01
 161 24 2018    0.00    0.00    0.00    0.19    0.01    0.01    0.00    0.00   -0.22    0.00    0.00    0.00   267.6    0.02
 162 24 2018    0.00    0.00    0.00    0.22    0.00   -0.01    0.00    0.00   -0.20    0.00    0.00    0.00   267.8   -0.01
 163 24 2018    0.00    0.00    0.00    0.06    0.00    0.02    0.00    0.00   -0.12    0.00    0.00    0.00   267.9    0.02
 164 24 2018    0.00    0.00    0.00    0.15    0.00   -0.01    0.00    0.00   -0.14    0.00    0.00    0.00   268.0    0.00
 165 24 2018    0.04    0.00    0.02    0.16    0.00   -0.01    0.00    0.00   -0.13    0.00    0.00    0.00   268.2   -0.01
 166 24 2018    1.04    0.00    0.03    0.85    0.00    0.04    0.00    0.00    0.14    0.00    0.00    0.00   269.0    0.00
 167 24 2018    3.08    0.00    0.52    1.46    0.00    0.00    0.00    0.00    1.14    0.00    0.00    0.00   270.5   -0.01
 168 24 2018   26.83    0.00    2.99    0.98    0.00   -0.01    0.00    0.00   23.40    0.00    0.00    0.00   271.5    0.00
 169 24 2018    0.13    0.00    0.05    4.33    0.20    0.01    0.00    0.00   -1.27    0.01    0.00    0.00   275.8   -0.02
 170 24 2018    2.88    0.00    0.24    2.17    0.62    0.00    0.00    0.00    0.47    0.04    0.00    0.00   278.0    0.01
 171 24 2018    0.00    0.00    0.00    2.91    1.90    0.00    0.00    0.00   -2.71    0.06    0.00    0.00   280.9   -0.01
 172 24 2018    0.00    0.00    0.00    5.36    3.72    0.01    0.00    0.00   -5.42    0.04    0.00    0.00   286.2    0.01
 173 24 2018    0.00    0.00    0.00    6.75    4.49   -0.02    0.00    0.00   -6.77    0.02    0.00    0.00   293.0    0.02
 174 24 2018    0.17    0.00    0.06    2.31    1.42    0.00    0.00    0.00   -2.25    0.01    0.00    0.00   295.3    0.04
 175 24 2018    3.83    0.00    0.00    2.61    0.26    0.00    0.00    0.00    1.26    0.01    0.00    0.00   297.9    0.02
 176 24 2018    0.00    0.00    0.00    2.76    1.58   -0.01    0.00    0.00   -2.75    0.01    0.00    0.00   300.7   -0.01
 177 24 2018    0.00    0.00    0.00    1.02    0.56   -0.01    0.00    0.00   -1.03    0.01    0.00    0.00   301.7    0.01
 178 24 2018    0.00    0.00    0.00    0.64    0.31    0.00    0.00    0.00   -0.65    0.01    0.00    0.00   302.3    0.00
 179 24 2018    0.00    0.00    0.00    0.56    0.20   -0.01    0.00    0.00   -0.55    0.01    0.00    0.00   302.9   -0.01
 180 24 2018    0.04    0.00    0.02    0.33    0.08    0.03    0.00    0.00   -0.34    0.01    0.00    0.00   303.2    0.01
 181 24 2018    0.96    0.00    0.00    0.84    0.00    0.00    0.00    0.00    0.11    0.01    0.00    0.00   304.1    0.02
 182 24 2018    0.00    0.00    0.00    0.56    0.08   -0.01    0.00    0.00   -0.53    0.00    0.00    0.00   304.6   -0.03
 183 24 2018    0.00    0.00    0.00    0.38    0.05   -0.01    0.00    0.00   -0.34    0.00    0.00    0.00   305.0   -0.03
 184 24 2018    0.00    0.00    0.00    0.18    0.00    0.00    0.00    0.00   -0.20    0.00    0.00    0.00   305.2    0.02
 185 24 2018    0.00    0.00    0.00    0.07    0.00    0.03    0.00    0.00   -0.13    0.00    0.00    0.00   305.3    0.02
 186 24 2018    0.00    0.00    0.00    0.06    0.00    0.00    0.00    0.00   -0.12    0.00    0.00    0.00   305.3    0.06
 187 24 2018    0.29    0.00    0.11    0.19    0.00   -0.01    0.00    0.00   -0.01    0.00    0.00    0.00   305.5    0.01
 188 24 2018    6.71    0.00    0.53    3.53    0.28    0.02    0.00    0.00    2.73    0.00    0.00    0.00   309.0    0.00
 189 24 2018    0.00    0.00    0.00    2.49    0.98    0.00    0.00    0.00   -1.99    0.00    0.00    0.00   311.5    0.02
 190 24 2018    0.00    0.00    0.00    0.60    0.18   -0.03    0.00    0.00   -0.59    0.00    0.00    0.00   312.1    0.01
 191 24 2018    0.00    0.00    0.00    0.42    0.10   -0.02    0.00    0.00   -0.45    0.00    0.00    0.00   312.5    0.04
 192 24 2018    0.08    0.00    0.03    0.25    0.03    0.02    0.00    0.00   -0.26    0.00    0.00    0.00   312.8    0.04
 193 24 2018    2.00    0.00    0.03    1.40    0.00    0.02    0.00    0.00    0.55    0.00    0.00    0.00   314.2    0.02
 194 24 2018    1.92    0.00    0.01    1.90    0.00   -0.01    0.00    0.00    0.04    0.00    0.00    0.00   316.1    0.01
 195 24 2018    0.50    0.00    0.19    0.59    0.03    0.00    0.00    0.00   -0.30    0.00    0.00    0.00   316.7    0.02
 196 24 2018   11.58    0.00    3.00    1.49    0.00    0.00    0.00    0.00    7.25    0.00    0.00    0.00   318.2    0.03
 197 24 2018    1.92    0.00    0.08    5.28    0.62    0.01    0.00    0.00   -0.41    0.00    0.00    0.00   323.4   -0.05
 198 24 2018    0.00    0.00    0.00    4.07    2.62   -0.02    0.00    0.00   -3.96    0.00    0.00    0.00   327.5   -0.02
 199 24 2018    0.00    0.00    0.00    1.57    0.74    0.00    0.00    0.00   -1.58    0.00    0.00    0.00   329.1    0.00
 200 24 2018    0.00    0.00    0.00    0.76    0.33   -0.01    0.00    0.00   -0.77    0.00    0.00    0.00   329.8    0.01
 201 24 2018    0.04    0.00    0.02    0.41    0.13    0.00    0.00    0.00   -0.38    0.00    0.00    0.00   330.3    0.00
 202 24 2018    1.58    0.00    0.24    0.96    0.00    0.02    0.00    0.00    0.38    0.00    0.00    0.00   331.2   -0.01
 203 24 2018   14.88    0.00    2.20    4.97    0.63    0.02    0.00    0.00    7.87    0.00    0.00    0.00   336.2    0.05
 204 24 2018   11.50    0.00    3.00    2.05    0.00   -0.01    0.00    0.00    8.64    0.00    0.00    0.00   338.2    0.01
 205 24 2018    0.13    0.00    0.05    4.59    0.59    0.00    0.00    0.00   -1.51    0.00    0.00    0.00   342.8   -0.01
 206 24 2018    2.96    0.00    0.26    4.59    2.43    0.00    0.00    0.00   -1.89    0.01    0.00    0.00   347.4    0.03
 207 24 2018    1.96    0.00    0.09    4.03    2.08    0.00    0.00    0.00   -1.92    0.01    0.00    0.00   351.4    0.01
 208 24 2018    0.96    0.00    0.00    4.94    2.94   -0.01    0.00    0.00   -3.91    0.01    0.00    0.00   356.4    0.02
 209 24 2018    0.00    0.00    0.00    2.87    1.88    0.01    0.00    0.00   -2.89    0.01    0.00    0.00   359.3    0.01
 210 24 2018    0.00    0.00    0.00    1.43    0.65   -0.01    0.00    0.00   -1.41    0.01    0.00    0.00   360.7   -0.01
 211 24 2018    0.00    0.00    0.00    0.69    0.30   -0.02    0.00    0.00   -0.65    0.01    0.00    0.00   361.4   -0.03
 212 24 2018    0.00    0.00    0.00    0.56    0.25    0.02    0.00    0.00   -0.59    0.01    0.00    0.00   361.9    0.01
 213 24 2018    0.00    0.00    0.00    0.34    0.11    0.00    0.00    0.00   -0.33    0.01    0.00    0.00   362.3   -0.01
 214 24 2018    0.13    0.00    0.05    0.38    0.12   -0.01    0.00    0.00   -0.33    0.01    0.00    0.00   362.6    0.03
 215 24 2018    2.88    0.00    0.00    1.99    0.00    0.00    0.00    0.00    0.92    0.01    0.00    0.00   364.6    0.00
 216 24 2018    0.08    0.00    0.03    1.03    0.28    0.01    0.00    0.00   -1.03    0.01    0.00    0.00   365.7    0.04
 217 24 2018    1.92    0.00    0.09    1.64    0.02    0.02    0.00    0.00    0.19    0.00    0.00    0.00   367.3    0.01
 218 24 2018    0.00    0.00    0.00    0.77    0.10   -0.01    0.00    0.00   -0.63    0.00    0.00    0.00   368.1   -0.05
 219 24 2018    0.04    0.00    0.02    0.35    0.06   -0.01    0.00    0.00   -0.31    0.00    0.00    0.00   368.4   -0.02
 220 24 2018    0.96    0.00    0.00    0.95    0.00    0.00    0.00    0.00    0.01    0.00    0.00    0.00   369.4    0.01
 221 24 2018    0.00    0.00    0.00    0.40    0.04    0.01    0.00    0.00   -0.46    0.00    0.00    0.00   369.8    0.04
 222 24 2018    0.00    0.00    0.00    0.26    0.04    0.00    0.00    0.00   -0.28    0.00    0.00    0.00   370.0    0.01
 223 24 2018    0.00    0.00    0.00    0.30    0.04   -0.02    0.00    0.00   -0.31    0.00    0.00    0.00   370.3    0.01
 224 24 2018    0.00    0.00    0.00    0.28    0.02   -0.01    0.00    0.00   -0.25    0.00    0.00    0.00   370.6   -0.02
 225 24 2018    0.00    0.00    0.00    0.18    0.00    0.01    0.00    0.00   -0.21    0.00    0.00    0.00   370.8    0.01
 226 24 2018    0.00    0.00    0.00   -0.03    0.00    0.02    0.00    0.00    0.03    0.00    0.00    0.00   370.8   -0.02
 227 24 2018    0.00    0.00    0.00    0.29    0.00   -0.02    0.00    0.00   -0.28    0.00    0.00    0.00   371.1    0.00
 228 24 2018    0.00    0.00    0.00    0.14    0.00    0.01    0.00    0.00   -0.17    0.00    0.00    0.00   371.2    0.02
 229 24 2018    0.04    0.00    0.02    0.07    0.00    0.00    0.00    0.00   -0.09    0.00    0.00    0.00   371.3    0.04
 230 24 2018    0.96    0.00    0.00    0.82    0.00    0.00    0.00    0.00    0.14    0.00    0.00    0.00   372.1    0.00
 231 24 2018    0.00    0.00    0.00    0.34    0.00   -0.01    0.00    0.00   -0.28    0.00    0.00    0.00   372.4   -0.05
 232 24 2018    0.17    0.00    0.06    0.15    0.00    0.00    0.00    0.00   -0.02    0.00    0.00    0.00   372.6   -0.03
 233 24 2018    3.83    0.00    0.03    1.92    0.00    0.01    0.00    0.00    1.93    0.00    0.00    0.00   374.5    0.01
 234 24 2018    0.00    0.00    0.00    1.03    0.23    0.00    0.00    0.00   -0.99    0.00    0.00    0.00   375.5   -0.01
 235 24 2018    0.00    0.00    0.00    0.38    0.03   -0.02    0.00    0.00   -0.37    0.00    0.00    0.00   375.9    0.00
 236 24 2018    0.04    0.00    0.02    0.28    0.03    0.00    0.00    0.00   -0.26    0.00    0.00    0.00   376.2    0.00
 237 24 2018    0.96    0.00    0.00    0.94    0.00    0.00    0.00    0.00    0.04    0.00    0.00    0.00   377.1   -0.01
 238 24 2018    0.17    0.00    0.06    0.41    0.01   -0.01    0.00    0.00   -0.28    0.00    0.00    0.00   377.5   -0.02
 239 24 2018    3.83    0.10    0.00    3.19    0.00    0.01    0.00    0.00    0.69    0.00    0.00    0.00   380.7    0.00
 240 24 2018    0.00    0.00    0.00    0.63    0.01    0.00    0.00    0.00   -0.64    0.00    0.00    0.00   381.4    0.01
 241 24 2018    0.00    0.00    0.00    0.36    0.01   -0.03    0.00    0.00   -0.34    0.00    0.00    0.00   381.7   -0.01
 242 24 2018    0.00    0.00    0.00    0.20    0.00    0.00    0.00    0.00   -0.20    0.00    0.00    0.00   381.9   -0.01
 243 24 2018    0.00    0.00    0.00    0.14    0.00    0.00    0.00    0.00   -0.16    0.00    0.00    0.00   382.1    0.02
 244 24 2018    0.00    0.00    0.00   -0.02    0.00    0.04    0.00    0.00   -0.06    0.00    0.00    0.00   382.0    0.04
 245 24 2018    0.00    0.00    0.00    0.18    0.00   -0.01    0.00    0.00   -0.18    0.00    0.00    0.00   382.2    0.00
 246 24 2018    0.00    0.00    0.00    0.14    0.00   -0.02    0.00    0.00   -0.09    0.00    0.00    0.00   382.4   -0.03
 247 24 2018    0.25    0.00    0.09    0.04    0.00    0.04    0.00    0.00    0.06    0.00    0.00    0.00   382.4    0.01
 248 24 2018    5.79    0.00    0.68    2.37    0.04   -0.02    0.00    0.00    2.85    0.00    0.00    0.00   384.8    0.01
 249 24 2018    1.00    0.05    0.03    1.39    0.00   -0.01    0.00    0.00    0.25    0.00    0.00    0.00   386.2    0.01
 250 24 2018    1.00    0.16    0.04    1.11    0.00    0.01    0.00    0.00   -0.17    0.00    0.00    0.00   387.3    0.03
 251 24 2018    0.96    0.05    0.00    1.54    0.13    0.00    0.00    0.00   -0.55    0.00    0.00    0.00   388.8    0.00
 252 24 2018    0.00    0.00    0.00    0.80    0.18   -0.02    0.00    0.00   -0.80    0.00    0.00    0.00   389.6    0.02
 253 24 2018    0.00    0.00    0.00    0.42    0.11   -0.03    0.00    0.00   -0.42    0.00    0.00    0.00   390.0    0.02
 254 24 2018    0.00    0.00    0.00    0.27    0.06    0.01    0.00    0.00   -0.28    0.00    0.00    0.00   390.3    0.00
 255 24 2018    0.00    0.00    0.00    0.30    0.04    0.00    0.00    0.00   -0.30    0.00    0.00    0.00   390.6   -0.01
 256 24 2018    0.00    0.00    0.00    0.28    0.02    0.00    0.00    0.00   -0.27    0.00    0.00    0.00   390.9    0.00
 257 24 2018    0.00    0.00    0.00    0.17    0.00    0.02    0.00    0.00   -0.21    0.00    0.00    0.00   391.1    0.01
 258 24 2018    0.00    0.00    0.00    0.16    0.00   -0.01    0.00    0.00   -0.18    0.00    0.00    0.00   391.2    0.02
 259 24 2018    0.00    0.00    0.00    0.16    0.00    0.00    0.00    0.00   -0.15    0.00    0.00    0.00   391.4   -0.01
 260 24 2018    0.00    0.00    0.00    0.11    0.00    0.00    0.00    0.00   -0.12    0.00    0.00    0.00   391.5    0.01
 261 24 2018    0.08    0.00    0.03    0.10    0.00    0.00    0.00    0.00   -0.07    0.00    0.00    0.00   391.6    0.02
 262 24 2018    1.92    0.00    0.00    1.47    0.00    0.01    0.00    0.00    0.47    0.00    0.00    0.00   393.0    0.00
 263 24 2018    0.00    0.00    0.00    0.51    0.00   -0.01    0.00    0.00   -0.53    0.00    0.00    0.00   393.6    0.02
 264 24 2018    0.00    0.00    0.00    0.11    0.00   -0.01    0.00    0.00   -0.09    0.00    0.00    0.00   393.7   -0.01
 265 24 2018    0.00    0.00    0.00    0.19    0.00    0.00    0.00    0.00   -0.19    0.00    0.00    0.00   393.9    0.00
 266 24 2018    0.13    0.08    0.05    0.12    0.00    0.00    0.00    0.00   -0.01    0.00    0.00    0.00   394.0   -0.02
 267 24 2018    2.88    0.62    0.00    2.24    0.00    0.00    0.00    0.00    0.68    0.00    0.00    0.00   396.2    0.00
 268 24 2018    0.00    0.00    0.00    0.52    0.00    0.03    0.00    0.00   -0.59    0.00    0.00    0.00   396.7    0.03
 269 24 2018    0.00    0.00    0.00    0.22    0.00   -0.03    0.00    0.00   -0.18    0.00    0.00    0.00   397.0   -0.02
 270 24 2018    0.00    0.00    0.00    0.11    0.00    0.00    0.00    0.00   -0.10    0.00    0.00    0.00   397.1   -0.01
 271 24 2018    0.00    0.00    0.00    0.09    0.00    0.00    0.00    0.00   -0.09    0.00    0.00    0.00   397.2   -0.01
 272 24 2018    0.00    0.00    0.00    0.10    0.00    0.01    0.00    0.00   -0.11    0.00    0.00    0.00   397.3    0.00
 273 24 2018    0.00    0.00    0.00    0.10    0.00    0.00    0.00    0.00   -0.12    0.00    0.00    0.00   397.4    0.01
 274 24 2018    0.00    0.00    0.00   -0.09    0.00    0.02    0.00    0.00    0.05    0.00    0.00    0.00   397.3    0.01
 275 24 2018    0.00    0.00    0.00   -0.01    0.00    0.01    0.00    0.00   -0.02    0.00    0.00    0.00   397.3    0.03
 276 24 2018    0.13    0.00    0.05    0.11    0.00   -0.01    0.00    0.00    0.00    0.00    0.00    0.00   397.4   -0.03
 277 24 2018    2.92    0.00    0.02    2.04    0.00   -0.01    0.00    0.00    0.91    0.00    0.00    0.00   399.4    0.00
 278 24 2018    1.04    0.20    0.19    1.03    0.00    0.00    0.00    0.00   -0.15    0.00    0.00    0.00   400.5   -0.01
 279 24 2018    1.96    2.24    0.26    0.85    0.00    0.00    0.00    0.00    1.02    0.00    0.00    0.00   401.3    0.01
 280 24 2018    1.17    1.14    0.19    0.92    0.00   -0.01    0.00    0.00    0.17    0.00    0.00    0.16   402.2    0.00
 281 24 2018    4.96    0.85    1.64    0.44    0.00   -0.01    3.28    0.00   -0.07    0.00    0.00    0.00   402.7    0.03
 282 24 2018    4.15    0.00    2.96    0.23    0.00    0.00    2.74    0.00   -0.17    0.00    0.00    0.00   402.9    0.02
 283 24 2018    7.33    0.00    2.96    0.31    0.00    0.00    7.06    0.00   -0.04    0.00    0.00    0.00   403.2    0.01
 284 24 2018    3.35    4.67    1.50    2.35    0.00    0.00   -2.22    0.00    4.67    0.00    0.00    0.00   405.6    0.02
 285 24 2018    0.21    3.02    0.08    3.90    2.27   -0.02   -2.78    0.00    0.55    0.00    0.00    0.00   409.5   -0.02
 286 24 2018    5.21    5.00    0.55    3.89    2.38    0.01   -1.62    0.00    2.45    0.00    0.00    0.00   413.4    0.00
 287 24 2018    9.58    0.54    2.83    1.04    0.00    0.01    5.71    0.00    0.52    0.00    0.00    0.00   414.4    0.01
 288 24 2018    0.04    0.20    1.21    1.66    0.00    0.00   -0.13    0.00    0.13    0.00    0.00    0.00   416.1    0.01
 289 24 2018    0.96    2.61    0.07    1.98    0.46   -0.01   -1.85    0.00    1.99    0.00    0.00    0.00   418.0   -0.01
 290 24 2018    0.00    2.34    0.00    1.21    1.18    0.03   -2.27    0.00    1.08    0.00    0.00    0.00   419.2    0.02
 291 24 2018    0.00    2.77    0.00    1.25    1.18   -0.01   -2.74    0.00    1.51    0.00    0.00    0.00   420.5   -0.01
 292 24 2018    0.00    3.86    0.00    1.66    1.60    0.01   -3.74    0.00    2.10    0.00    0.00    0.00   422.2   -0.03
 293 24 2018    0.00    1.56    0.00    1.80    1.53   -0.04   -1.44    0.00   -0.33    0.00    0.00    0.00   424.0    0.00
 294 24 2018    0.00    0.00    0.00    2.41    1.79    0.02    0.00    0.00   -2.43    0.00    0.00    0.00   426.4    0.01
 295 24 2018    0.00    0.00    0.00    1.67    1.35    0.01    0.00    0.00   -1.70    0.00    0.00    0.00   428.0    0.02
 296 24 2018    0.00    0.00    0.00    1.63    1.32    0.02    0.00    0.00   -1.66    0.00    0.00    0.00   429.7    0.01
 297 24 2018    0.00    0.00    0.00    2.01    1.36   -0.03    0.00    0.00   -1.96    0.00    0.00    0.00   431.7   -0.02
 298 24 2018    0.00    0.00    0.00    1.45    0.80    0.01    0.00    0.00   -1.42    0.00    0.00    0.00   433.1   -0.03
 299 24 2018    0.00    0.00    0.00    1.03    0.30    0.00    0.00    0.00   -1.05    0.00    0.00    0.00   434.2    0.02
 300 24 2018    0.00    0.00    0.00    0.59    0.19    0.00    0.00    0.00   -0.61    0.00    0.00    0.00   434.7    0.03
 301 24 2018    0.00    0.00    0.00    0.52    0.14   -0.02    0.00    0.00   -0.49    0.00    0.00    0.00   435.3   -0.01
 302 24 2018    0.50    0.00    0.19    0.36    0.14    0.03    0.00    0.00   -0.09    0.00    0.00    0.00   435.6    0.01
 303 24 2018   11.58    0.84    2.97    0.49    0.00   -0.02    7.96    0.00    0.39    0.00    0.00    0.00   436.1   -0.02
 304 24 2018    2.00    0.12    1.13    2.42    0.00    0.01    1.33    0.00    0.08    0.00    0.00    0.00   438.5    0.00
 305 24 2018    2.29    1.10    0.14    1.96    0.03    0.01    0.24    0.00    1.07    0.00    0.00    0.00   440.5    0.00
 306 24 2018    8.87   12.67    0.16    4.02    0.70    0.01   -7.07    0.00   11.90    0.00    0.00    0.00   444.5    0.00
 307 24 2018    5.88    4.23    0.50    2.06    0.15   -0.01   -2.46    0.00    5.94    0.00    0.00    0.00   446.6    0.02
 308 24 2018    3.08    0.67    0.08    2.60    0.81   -0.01    0.00    0.00    0.77    0.00    0.00    0.13   449.2    0.01
 309 24 2018    4.83    2.20    0.12    2.80    0.73    0.00    0.00    0.00    2.08    0.01    0.00    0.03   452.0    0.01
 310 24 2018    1.00    1.42    0.02    1.23    0.58    0.00    0.00    0.00   -0.57    0.05    0.00    0.40   453.2    0.01
 311 24 2018    0.96    4.53    0.00    0.68    0.09    0.00    0.83    0.00   -0.47    0.05    0.00    0.27   453.9    0.02
 312 24 2018    0.00    0.00    0.00    0.28    0.03   -0.01    0.25    0.00   -0.53    0.02    0.00    0.27   454.2   -0.01
 313 24 2018    0.00    0.00    0.00    0.85    0.61   -0.01    0.21    0.00   -0.99    0.01    0.00    0.20   455.0    0.00
 314 24 2018    0.42    0.00    0.16    1.31    1.25    0.01    0.45    0.00   -1.32    0.01    0.00    0.00   456.3    0.00
 315 24 2018    9.62    0.00    2.97    0.44    0.00    0.01    6.48    0.00   -0.12    0.00    0.00    0.00   456.8    0.00
 316 24 2018    0.96    0.00    0.12    3.22    0.00    0.00    0.70    0.00   -0.12    0.00    0.00    0.00   460.0    0.01
 317 24 2018    0.00    0.00    0.00    0.31    0.12    0.00    0.02    0.00   -0.20    0.00    0.00    0.00   460.3   -0.01
 318 24 2018    0.00    0.07    0.00    1.00    0.99   -0.01   -0.06    0.00   -0.95    0.00    0.00    0.00   461.3    0.01
 319 24 2018    0.00    0.27    0.00    1.40    1.36    0.00   -0.25    0.00   -1.15    0.00    0.00    0.00   462.7    0.00
 320 24 2018    0.25    0.00    0.09    0.25    0.19    0.01    0.17    0.00   -0.28    0.00    0.00    0.00   462.9    0.00
 321 24 2018    5.75    0.00    1.93    0.34    0.00   -0.01    3.67    0.00   -0.09    0.00    0.00    0.00   463.3   -0.01
 322 24 2018    0.00    0.00    0.00    2.03    0.07   -0.01    0.03    0.00   -0.19    0.00    0.00    0.00   465.3    0.08
 323 24 2018    0.00    0.00    0.00    0.07    0.01    0.01    0.02    0.00   -0.10    0.00    0.00    0.00   465.4    0.00
 324 24 2018    0.00    0.11    0.00    0.14    0.12   -0.01   -0.09    0.00   -0.04    0.00    0.00    0.00   465.5    0.00
 325 24 2018    0.00    0.23    0.00    0.26    0.24    0.00   -0.24    0.00   -0.01    0.00    0.00    0.00   465.8   -0.01
 326 24 2018    0.13    0.31    0.05    0.23    0.29    0.03   -0.30    0.00    0.04    0.00    0.00    0.00   466.0    0.07
 327 24 2018    3.33    2.88    0.17    1.35    0.20    0.00   -0.87    0.00    2.56    0.00    0.00    0.17   467.4   -0.01
 328 24 2018   10.58    2.58    1.66    2.59    0.00   -0.02    3.97    0.00    2.03    0.00    0.00    0.70   470.0    0.00
 329 24 2018    0.96    0.00    0.00    2.26    0.14   -0.01    0.56    0.00    0.35    0.00    0.00    0.14   472.2    0.02
 330 24 2018    0.00    0.00    0.00    0.18    0.00    0.00   -0.05    0.00   -0.05    0.00    0.00    0.10   472.4   -0.03
 331 24 2018    0.17    0.00    0.06    0.09    0.03    0.01    0.09    0.00   -0.04    0.00    0.00    0.05   472.5    0.01
 332 24 2018    3.83    0.00    0.16    1.38    0.04    0.03    2.34    0.00   -0.29    0.00    0.00    0.00   473.9    0.33
 333 24 2018    0.04    0.00    0.02    0.50    0.20   -0.03   -0.02    0.00   -0.23    0.00    0.00    0.00   474.3   -0.04
 334 24 2018    0.96    0.00    0.00    0.42    0.00    0.01    0.59    0.00   -0.37    0.00    0.00    0.00   474.8    0.34
 335 24 2018    0.00    0.00    0.00    0.14    0.00   -0.02   -0.03    0.00   -0.05    0.00    0.00    0.00   474.9   -0.05
 336 24 2018    0.04    0.00    0.02    0.02    0.00    0.01    0.03    0.00   -0.04    0.00    0.00    0.00   474.9    0.01
 337 24 2018    0.96    0.00    0.00    0.40    0.00   -0.01    0.61    0.00   -0.29    0.00    0.00    0.00   475.3    0.26
 338 24 2018    0.08    0.00    0.03    0.11    0.00   -0.01    0.01    0.00   -0.05    0.00    0.00    0.00   475.4   -0.01
 339 24 2018    1.96    0.00    0.02    0.78    0.00    0.01    1.19    0.00   -0.35    0.00    0.00    0.00   476.2    0.34
 340 24 2018    0.96    0.06    0.08    0.29    0.01    0.00    0.50    0.00    0.06    0.00    0.00    0.00   476.5    0.04
 341 24 2018    0.00    0.00    0.00    0.10    0.00    0.01   -0.02    0.00   -0.11    0.00    0.00    0.00   476.6    0.11
 342 24 2018    0.00    0.00    0.00    0.08    0.00   -0.01   -0.04    0.00   -0.02    0.00    0.00    0.00   476.7   -0.01
 343 24 2018    0.00    0.00    0.00    0.12    0.00   -0.02   -0.06    0.00   -0.03    0.00    0.00    0.00   476.8   -0.02
 344 24 2018    0.00    0.00    0.00    0.07    0.02    0.00   -0.04    0.00   -0.02    0.00    0.00    0.00   476.9   -0.01
 345 24 2018    0.08    0.00    0.03    0.11    0.00    0.00   -0.01    0.00   -0.03    0.00    0.00    0.00   477.0   -0.01
 346 24 2018    1.92    0.00    0.00    0.79    0.00    0.02    1.16    0.00   -0.28    0.00    0.00    0.00   477.8    0.26
 347 24 2018    0.00    0.00    0.00    0.02    0.00   -0.01    0.01    0.00   -0.02    0.00    0.00    0.00   477.8    0.01
 348 24 2018    0.00    0.00    0.00    0.03    0.02    0.00   -0.02    0.00   -0.01    0.00    0.00    0.00   477.8    0.00
 349 24 2018    0.00    0.00    0.00    0.05    0.02    0.00   -0.03    0.00   -0.01    0.00    0.00    0.00   477.9    0.00
 350 24 2018    0.00    0.05    0.00    0.29    0.28    0.00   -0.07    0.00   -0.21    0.00    0.00    0.00   478.2   -0.01
 351 24 2018    0.00    0.00    0.00    0.18    0.18    0.01   -0.03    0.00   -0.17    0.00    0.00    0.00   478.3    0.02
 352 24 2018    0.21    0.00    0.08   -0.03    0.06    0.00    0.13    0.00   -0.07    0.00    0.00    0.00   478.3    0.10
 353 24 2018    4.79    0.00    0.12    1.81    0.00    0.00    2.98    0.00   -0.03    0.00    0.00    0.00   480.1   -0.01
 354 24 2018    0.00    0.00    0.00    0.14    0.01    0.00    0.01    0.00   -0.02    0.00    0.00    0.00   480.3    0.00
 355 24 2018    0.13    0.00    0.05    0.10    0.02    0.00    0.05    0.00   -0.02    0.00    0.00    0.00   480.4   -0.05
 356 24 2018    2.88    0.00    0.00    1.17    0.00   -0.01    1.78    0.00   -0.03    0.00    0.00    0.00   481.5    0.01
 357 24 2018    0.08    0.00    0.03    0.00    0.00    0.01    0.06    0.00   -0.02    0.00    0.00    0.00   481.5    0.01
 358 24 2018    1.92    0.00    0.03    0.72    0.00    0.00    1.20    0.00   -0.08    0.00    0.00    0.00   482.2    0.08
 359 24 2018    0.04    0.00    0.02    0.04    0.00    0.00    0.05    0.00   -0.09    0.00    0.00    0.00   482.3    0.06
 360 24 2018    0.96    0.00    0.12    0.25    0.00    0.00    0.61    0.00   -0.31    0.00    0.00    0.00   482.5    0.30
 361 24 2018    0.04    0.00    0.02    0.15    0.00    0.00    0.04    0.00   -0.03    0.00    0.00    0.00   482.7   -0.02
 362 24 2018    0.96    0.00    0.02    0.36    0.00    0.00    0.63    0.00   -0.03    0.00    0.00    0.00   483.1   -0.01
 363 24 2018    0.00    0.00    0.00    0.02    0.00    0.00    0.00    0.00   -0.20    0.00    0.00    0.00   483.1    0.21
 364 24 2018    0.08    0.00    0.03    0.02    0.00    0.01    0.05    0.00   -0.22    0.00    0.00    0.00   483.1    0.21
