AVERAGE PREDICTED LIQUID WATER CONTENT FOR EACH NODE (M3/M3)
  DY HR  YR   0.00  0.05  0.10  0.15  0.20  0.25  0.30  0.35  0.40  0.45  0.50  0.60  0.70  0.80  0.90  1.00  1.50
   1  1 2018 0.048 0.050 0.038 0.039 0.040 0.015 0.016 0.017 0.019 0.026 0.060 0.060 0.060 0.020 0.020 0.020 0.020
   1 24 2018 0.049 0.048 0.037 0.038 0.039 0.014 0.015 0.017 0.019 0.023 0.032 0.032 0.032 0.008 0.008 0.008 0.009
   2 24 2018 0.052 0.046 0.035 0.035 0.037 0.013 0.014 0.015 0.017 0.019 0.027 0.027 0.027 0.007 0.007 0.007 0.007
   3 24 2018 0.060 0.049 0.036 0.036 0.037 0.013 0.014 0.015 0.016 0.018 0.024 0.024 0.024 0.006 0.006 0.006 0.006
   4 24 2018 0.062 0.050 0.037 0.038 0.038 0.014 0.014 0.015 0.016 0.017 0.020 0.020 0.020 0.005 0.005 0.005 0.005
   5 24 2018 0.065 0.054 0.040 0.040 0.040 0.014 0.015 0.015 0.016 0.016 0.017 0.017 0.017 0.004 0.004 0.004 0.004
   6 24 2018 0.068 0.056 0.041 0.040 0.041 0.015 0.015 0.015 0.015 0.016 0.016 0.016 0.016 0.004 0.004 0.004 0.004
   7 24 2018 0.049 0.050 0.039 0.040 0.040 0.014 0.014 0.015 0.015 0.015 0.015 0.015 0.015 0.004 0.004 0.004 0.004
   8 24 2018 0.051 0.050 0.038 0.038 0.039 0.014 0.014 0.014 0.014 0.015 0.015 0.015 0.015 0.003 0.004 0.004 0.004
   9 24 2018 0.054 0.053 0.039 0.039 0.039 0.014 0.014 0.014 0.014 0.014 0.014 0.014 0.014 0.003 0.003 0.003 0.003
  10 24 2018 0.054 0.054 0.040 0.040 0.040 0.014 0.014 0.014 0.014 0.015 0.015 0.015 0.015 0.003 0.003 0.003 0.003
  11 24 2018 0.046 0.048 0.037 0.038 0.039 0.014 0.014 0.014 0.014 0.014 0.014 0.014 0.015 0.003 0.003 0.003 0.003
  12 24 2018 0.046 0.046 0.035 0.036 0.037 0.013 0.013 0.014 0.014 0.014 0.014 0.014 0.014 0.003 0.003 0.003 0.003
  13 24 2018 0.045 0.046 0.035 0.035 0.036 0.013 0.013 0.013 0.013 0.014 0.014 0.014 0.014 0.003 0.003 0.003 0.003
  14 24 2018 0.045 0.046 0.035 0.035 0.036 0.013 0.013 0.013 0.013 0.013 0.013 0.014 0.014 0.003 0.003 0.003 0.003
  15 24 2018 0.043 0.044 0.034 0.035 0.035 0.012 0.013 0.013 0.013 0.013 0.013 0.013 0.013 0.003 0.003 0.003 0.003
  16 24 2018 0.042 0.043 0.033 0.033 0.034 0.012 0.012 0.012 0.013 0.013 0.013 0.013 0.013 0.003 0.003 0.003 0.003
  17 24 2018 0.044 0.044 0.033 0.033 0.034 0.012 0.012 0.012 0.012 0.012 0.013 0.013 0.013 0.003 0.003 0.003 0.003
  18 24 2018 0.047 0.046 0.034 0.034 0.034 0.012 0.012 0.012 0.012 0.012 0.012 0.012 0.013 0.003 0.003 0.003 0.003
  19 24 2018 0.049 0.048 0.036 0.035 0.035 0.012 0.012 0.012 0.013 0.013 0.013 0.013 0.013 0.003 0.003 0.003 0.003
  20 24 2018 0.047 0.047 0.036 0.036 0.036 0.012 0.013 0.013 0.013 0.013 0.013 0.013 0.013 0.003 0.003 0.003 0.003
  21 24 2018 0.044 0.045 0.034 0.035 0.035 0.012 0.012 0.013 0.013 0.013 0.013 0.013 0.013 0.003 0.003 0.003 0.003
  22 24 2018 0.045 0.045 0.034 0.034 0.035 0.012 0.012 0.012 0.013 0.013 0.013 0.013 0.013 0.003 0.003 0.003 0.003
  23 24 2018 0.045 0.045 0.034 0.034 0.035 0.012 0.012 0.012 0.012 0.012 0.013 0.013 0.013 0.003 0.003 0.003 0.003
  24 24 2018 0.045 0.045 0.034 0.034 0.034 0.012 0.012 0.012 0.012 0.012 0.012 0.012 0.012 0.003 0.003 0.003 0.003
  25 24 2018 0.046 0.046 0.034 0.035 0.035 0.012 0.012 0.012 0.012 0.012 0.012 0.012 0.012 0.003 0.003 0.003 0.003
  26 24 2018 0.045 0.045 0.034 0.035 0.035 0.012 0.012 0.012 0.012 0.012 0.012 0.012 0.012 0.003 0.003 0.003 0.003
  27 24 2018 0.044 0.044 0.034 0.034 0.034 0.012 0.012 0.012 0.012 0.012 0.012 0.012 0.012 0.003 0.003 0.003 0.003
  28 24 2018 0.044 0.044 0.033 0.034 0.034 0.012 0.012 0.012 0.012 0.012 0.012 0.012 0.012 0.003 0.003 0.003 0.003
  29 24 2018 0.045 0.045 0.034 0.034 0.034 0.012 0.012 0.012 0.012 0.012 0.012 0.012 0.012 0.003 0.003 0.003 0.003
  30 24 2018 0.047 0.046 0.034 0.034 0.034 0.012 0.012 0.012 0.012 0.012 0.012 0.012 0.012 0.003 0.003 0.003 0.003
  31 24 2018 0.048 0.048 0.036 0.035 0.035 0.012 0.012 0.012 0.012 0.012 0.012 0.012 0.012 0.003 0.003 0.003 0.003
  32 24 2018 0.047 0.047 0.036 0.036 0.036 0.012 0.013 0.013 0.013 0.013 0.013 0.013 0.012 0.003 0.003 0.003 0.003
  33 24 2018 0.047 0.047 0.035 0.035 0.036 0.012 0.013 0.013 0.013 0.013 0.013 0.013 0.013 0.003 0.003 0.003 0.003
  34 24 2018 0.047 0.047 0.036 0.036 0.036 0.013 0.013 0.013 0.013 0.013 0.013 0.013 0.013 0.003 0.003 0.003 0.003
  35 24 2018 0.047 0.047 0.035 0.036 0.036 0.012 0.013 0.013 0.013 0.013 0.013 0.013 0.013 0.003 0.003 0.003 0.003
  36 24 2018 0.047 0.047 0.036 0.036 0.036 0.013 0.013 0.013 0.013 0.013 0.013 0.013 0.013 0.003 0.003 0.003 0.003
  37 24 2018 0.047 0.047 0.035 0.036 0.036 0.013 0.013 0.013 0.013 0.013 0.013 0.013 0.013 0.003 0.003 0.003 0.003
  38 24 2018 0.046 0.047 0.035 0.035 0.036 0.013 0.013 0.013 0.013 0.013 0.013 0.013 0.013 0.003 0.003 0.003 0.003
  39 24 2018 0.047 0.047 0.035 0.035 0.035 0.012 0.013 0.013 0.013 0.013 0.013 0.013 0.013 0.003 0.003 0.003 0.003
  40 24 2018 0.048 0.048 0.036 0.036 0.036 0.013 0.013 0.013 0.013 0.013 0.013 0.013 0.013 0.003 0.003 0.003 0.003
  41 24 2018 0.048 0.048 0.036 0.036 0.036 0.013 0.013 0.013 0.013 0.013 0.013 0.013 0.013 0.003 0.003 0.003 0.003
  42 24 2018 0.047 0.047 0.036 0.036 0.036 0.013 0.013 0.013 0.013 0.013 0.013 0.013 0.013 0.003 0.003 0.003 0.003
  43 24 2018 0.046 0.047 0.035 0.035 0.036 0.013 0.013 0.013 0.013 0.013 0.013 0.013 0.013 0.003 0.003 0.003 0.003
  44 24 2018 0.047 0.047 0.035 0.035 0.036 0.012 0.013 0.013 0.013 0.013 0.013 0.013 0.013 0.003 0.003 0.003 0.003
  45 24 2018 0.047 0.047 0.036 0.036 0.036 0.013 0.013 0.013 0.013 0.013 0.013 0.013 0.013 0.003 0.003 0.003 0.003
  46 24 2018 0.047 0.047 0.036 0.036 0.036 0.013 0.013 0.013 0.013 0.013 0.013 0.013 0.013 0.003 0.003 0.003 0.003
  47 24 2018 0.046 0.046 0.035 0.035 0.036 0.013 0.013 0.013 0.013 0.013 0.013 0.013 0.013 0.003 0.003 0.003 0.003
  48 24 2018 0.046 0.046 0.035 0.035 0.035 0.012 0.013 0.013 0.013 0.013 0.013 0.013 0.013 0.003 0.003 0.003 0.003
  49 24 2018 0.047 0.047 0.035 0.035 0.035 0.012 0.012 0.013 0.013 0.013 0.013 0.013 0.013 0.003 0.003 0.003 0.003
  50 24 2018 0.047 0.048 0.036 0.036 0.036 0.013 0.013 0.013 0.013 0.013 0.013 0.013 0.013 0.003 0.003 0.003 0.003
  51 24 2018 0.045 0.046 0.035 0.035 0.036 0.012 0.013 0.013 0.013 0.013 0.013 0.013 0.013 0.003 0.003 0.003 0.003
  52 24 2018 0.044 0.044 0.034 0.034 0.035 0.012 0.012 0.012 0.013 0.013 0.013 0.013 0.013 0.003 0.003 0.003 0.003
  53 24 2018 0.044 0.044 0.033 0.034 0.034 0.012 0.012 0.012 0.012 0.012 0.012 0.013 0.013 0.003 0.003 0.003 0.003
  54 24 2018 0.043 0.043 0.033 0.033 0.034 0.012 0.012 0.012 0.012 0.012 0.012 0.012 0.012 0.003 0.003 0.003 0.003
  55 24 2018 0.043 0.043 0.033 0.033 0.033 0.012 0.012 0.012 0.012 0.012 0.012 0.012 0.012 0.003 0.003 0.003 0.003
  56 24 2018 0.043 0.043 0.033 0.033 0.033 0.012 0.012 0.012 0.012 0.012 0.012 0.012 0.012 0.003 0.003 0.003 0.003
  57 24 2018 0.043 0.043 0.033 0.033 0.033 0.012 0.012 0.012 0.012 0.012 0.012 0.012 0.012 0.003 0.003 0.003 0.003
  58 24 2018 0.044 0.044 0.033 0.033 0.033 0.012 0.012 0.012 0.012 0.012 0.012 0.012 0.012 0.003 0.003 0.003 0.003
  59 24 2018 0.044 0.044 0.033 0.033 0.033 0.012 0.012 0.012 0.012 0.012 0.012 0.012 0.012 0.003 0.003 0.003 0.003
  60 24 2018 0.044 0.044 0.033 0.033 0.033 0.012 0.012 0.012 0.012 0.012 0.012 0.012 0.012 0.003 0.003 0.003 0.003
  61 24 2018 0.047 0.046 0.034 0.034 0.034 0.012 0.012 0.012 0.012 0.012 0.012 0.012 0.012 0.003 0.003 0.003 0.003
  62 24 2018 0.050 0.048 0.036 0.035 0.035 0.012 0.012 0.012 0.012 0.012 0.012 0.012 0.012 0.003 0.003 0.003 0.003
  63 24 2018 0.055 0.052 0.038 0.037 0.037 0.013 0.013 0.013 0.013 0.013 0.013 0.012 0.012 0.003 0.003 0.003 0.003
  64 24 2018 0.048 0.049 0.037 0.037 0.037 0.013 0.013 0.013 0.013 0.013 0.013 0.013 0.013 0.003 0.003 0.003 0.003
  65 24 2018 0.045 0.045 0.035 0.035 0.035 0.012 0.013 0.013 0.013 0.013 0.013 0.013 0.013 0.003 0.003 0.003 0.003
  66 24 2018 0.044 0.045 0.034 0.034 0.034 0.012 0.012 0.012 0.012 0.012 0.012 0.013 0.013 0.003 0.003 0.003 0.003
  67 24 2018 0.046 0.045 0.034 0.034 0.034 0.012 0.012 0.012 0.012 0.012 0.012 0.012 0.012 0.003 0.003 0.003 0.003
  68 24 2018 0.048 0.047 0.035 0.035 0.035 0.012 0.012 0.012 0.012 0.012 0.012 0.012 0.012 0.003 0.003 0.003 0.003
  69 24 2018 0.047 0.048 0.036 0.036 0.036 0.012 0.012 0.012 0.012 0.012 0.012 0.012 0.012 0.003 0.003 0.003 0.003
  70 24 2018 0.046 0.046 0.035 0.035 0.035 0.012 0.012 0.012 0.012 0.012 0.012 0.012 0.012 0.003 0.003 0.003 0.003
  71 24 2018 0.049 0.048 0.035 0.035 0.036 0.013 0.012 0.012 0.012 0.012 0.012 0.012 0.012 0.003 0.003 0.003 0.003
  72 24 2018 0.054 0.051 0.038 0.038 0.038 0.014 0.014 0.014 0.014 0.013 0.013 0.013 0.013 0.003 0.003 0.003 0.003
  73 24 2018 0.068 0.057 0.042 0.041 0.041 0.015 0.015 0.018 0.017 0.016 0.015 0.015 0.015 0.003 0.003 0.003 0.003
  74 24 2018 0.077 0.066 0.047 0.046 0.046 0.017 0.019 0.024 0.024 0.025 0.025 0.025 0.025 0.005 0.006 0.005 0.003
  75 24 2018 0.066 0.063 0.047 0.047 0.048 0.018 0.020 0.022 0.023 0.024 0.024 0.024 0.024 0.006 0.006 0.006 0.003
  76 24 2018 0.068 0.058 0.044 0.045 0.047 0.018 0.019 0.020 0.021 0.024 0.024 0.023 0.023 0.006 0.006 0.005 0.003
  77 24 2018 0.057 0.057 0.044 0.045 0.046 0.017 0.018 0.019 0.021 0.024 0.025 0.024 0.024 0.006 0.006 0.006 0.003
  78 24 2018 0.052 0.053 0.041 0.043 0.045 0.017 0.018 0.019 0.020 0.024 0.024 0.024 0.024 0.006 0.006 0.006 0.003
  79 24 2018 0.049 0.050 0.039 0.040 0.042 0.016 0.017 0.018 0.019 0.023 0.023 0.023 0.023 0.006 0.006 0.005 0.003
  80 24 2018 0.056 0.052 0.039 0.039 0.041 0.015 0.016 0.017 0.018 0.022 0.022 0.022 0.022 0.005 0.005 0.005 0.003
  81 24 2018 0.081 0.058 0.042 0.042 0.042 0.015 0.016 0.017 0.018 0.020 0.020 0.020 0.020 0.005 0.005 0.005 0.003
  82 24 2018 0.118 0.071 0.049 0.047 0.046 0.016 0.017 0.018 0.019 0.022 0.024 0.022 0.022 0.005 0.005 0.005 0.003
  83 24 2018 0.097 0.064 0.047 0.047 0.048 0.017 0.018 0.019 0.020 0.025 0.025 0.024 0.025 0.006 0.006 0.006 0.003
  84 24 2018 0.106 0.070 0.049 0.048 0.048 0.018 0.018 0.019 0.021 0.025 0.026 0.025 0.025 0.006 0.006 0.006 0.003
  85 24 2018 0.077 0.064 0.048 0.049 0.049 0.018 0.019 0.020 0.022 0.026 0.026 0.026 0.026 0.007 0.006 0.006 0.003
  86 24 2018 0.054 0.056 0.044 0.046 0.048 0.018 0.019 0.020 0.022 0.026 0.026 0.026 0.026 0.007 0.006 0.006 0.003
  87 24 2018 0.053 0.054 0.042 0.044 0.046 0.017 0.018 0.020 0.021 0.025 0.025 0.025 0.025 0.007 0.006 0.006 0.003
  88 24 2018 0.051 0.052 0.041 0.042 0.044 0.016 0.017 0.019 0.020 0.024 0.024 0.024 0.024 0.006 0.006 0.006 0.003
  89 24 2018 0.059 0.055 0.041 0.041 0.043 0.016 0.017 0.018 0.019 0.023 0.024 0.023 0.023 0.006 0.006 0.006 0.003
  90 24 2018 0.072 0.062 0.044 0.044 0.044 0.016 0.017 0.018 0.019 0.024 0.023 0.023 0.023 0.006 0.006 0.005 0.003
  91 24 2018 0.083 0.063 0.046 0.046 0.046 0.017 0.018 0.018 0.020 0.024 0.025 0.024 0.024 0.006 0.006 0.006 0.003
  92 24 2018 0.108 0.076 0.051 0.048 0.048 0.017 0.018 0.019 0.021 0.025 0.025 0.025 0.025 0.007 0.006 0.006 0.003
  93 24 2018 0.071 0.054 0.042 0.044 0.046 0.017 0.018 0.019 0.021 0.025 0.025 0.025 0.025 0.007 0.006 0.006 0.004
  94 24 2018 0.083 0.057 0.041 0.041 0.042 0.016 0.017 0.018 0.020 0.024 0.024 0.024 0.024 0.006 0.006 0.006 0.006
  95 24 2018 0.101 0.096 0.046 0.044 0.044 0.016 0.017 0.018 0.019 0.024 0.024 0.024 0.024 0.006 0.006 0.006 0.006
  96 24 2018 0.066 0.102 0.056 0.052 0.050 0.018 0.018 0.019 0.021 0.030 0.035 0.035 0.036 0.007 0.010 0.011 0.012
  97 24 2018 0.073 0.069 0.050 0.052 0.052 0.019 0.019 0.020 0.022 0.025 0.035 0.035 0.035 0.007 0.010 0.011 0.012
  98 24 2018 0.078 0.071 0.051 0.052 0.053 0.019 0.020 0.021 0.022 0.025 0.035 0.035 0.035 0.007 0.010 0.011 0.012
  99 24 2018 0.065 0.063 0.049 0.051 0.053 0.020 0.020 0.021 0.023 0.025 0.032 0.032 0.032 0.007 0.010 0.011 0.012
 100 24 2018 0.066 0.060 0.046 0.048 0.051 0.019 0.020 0.021 0.023 0.025 0.031 0.031 0.031 0.007 0.010 0.011 0.012
 101 24 2018 0.095 0.064 0.047 0.048 0.050 0.019 0.020 0.021 0.022 0.025 0.029 0.029 0.029 0.007 0.010 0.011 0.012
 102 24 2018 0.098 0.098 0.051 0.049 0.050 0.019 0.019 0.020 0.022 0.024 0.030 0.029 0.030 0.007 0.009 0.011 0.012
 103 24 2018 0.065 0.059 0.045 0.047 0.049 0.018 0.019 0.020 0.022 0.024 0.030 0.029 0.030 0.007 0.009 0.011 0.012
 104 24 2018 0.083 0.091 0.042 0.041 0.042 0.016 0.017 0.019 0.020 0.023 0.027 0.029 0.030 0.008 0.009 0.011 0.012
 105 24 2018 0.093 0.096 0.057 0.048 0.046 0.017 0.017 0.018 0.019 0.020 0.023 0.028 0.030 0.008 0.009 0.011 0.012
 106 24 2018 0.077 0.085 0.064 0.056 0.052 0.018 0.018 0.019 0.019 0.020 0.021 0.026 0.030 0.008 0.009 0.011 0.012
 107 24 2018 0.075 0.077 0.062 0.057 0.055 0.020 0.019 0.020 0.020 0.021 0.021 0.025 0.030 0.008 0.009 0.011 0.012
 108 24 2018 0.088 0.101 0.046 0.046 0.051 0.019 0.019 0.020 0.020 0.021 0.022 0.024 0.030 0.008 0.009 0.011 0.012
 109 24 2018 0.106 0.122 0.049 0.047 0.048 0.018 0.018 0.019 0.020 0.021 0.022 0.024 0.029 0.008 0.009 0.011 0.012
 110 24 2018 0.093 0.113 0.055 0.050 0.049 0.018 0.018 0.019 0.020 0.020 0.021 0.024 0.028 0.008 0.009 0.011 0.012
 111 24 2018 0.065 0.075 0.055 0.053 0.051 0.018 0.018 0.019 0.019 0.020 0.021 0.023 0.027 0.008 0.009 0.011 0.012
 112 24 2018 0.071 0.065 0.050 0.051 0.052 0.019 0.019 0.019 0.020 0.020 0.021 0.023 0.026 0.007 0.009 0.011 0.012
 113 24 2018 0.107 0.103 0.046 0.048 0.050 0.019 0.019 0.020 0.020 0.020 0.021 0.023 0.025 0.007 0.008 0.011 0.012
 114 24 2018 0.071 0.111 0.053 0.048 0.049 0.018 0.019 0.019 0.020 0.020 0.021 0.023 0.025 0.007 0.008 0.011 0.012
 115 24 2018 0.067 0.068 0.050 0.049 0.049 0.018 0.018 0.019 0.019 0.020 0.021 0.022 0.025 0.007 0.008 0.011 0.012
 116 24 2018 0.066 0.060 0.046 0.047 0.049 0.018 0.018 0.019 0.019 0.020 0.021 0.022 0.024 0.007 0.008 0.011 0.012
 117 24 2018 0.098 0.096 0.065 0.047 0.047 0.017 0.018 0.018 0.019 0.020 0.020 0.022 0.024 0.006 0.008 0.011 0.012
 118 24 2018 0.092 0.103 0.078 0.056 0.052 0.018 0.018 0.018 0.019 0.019 0.020 0.022 0.023 0.006 0.007 0.011 0.012
 119 24 2018 0.102 0.108 0.073 0.067 0.056 0.020 0.019 0.019 0.019 0.020 0.020 0.021 0.023 0.006 0.007 0.011 0.012
 120 24 2018 0.106 0.106 0.079 0.079 0.068 0.023 0.021 0.020 0.020 0.020 0.020 0.021 0.023 0.006 0.007 0.011 0.012
 121 24 2018 0.103 0.099 0.076 0.076 0.076 0.028 0.026 0.022 0.021 0.021 0.021 0.021 0.023 0.006 0.007 0.011 0.012
 122 24 2018 0.083 0.095 0.067 0.070 0.071 0.026 0.025 0.023 0.022 0.021 0.021 0.021 0.023 0.006 0.007 0.011 0.012
 123 24 2018 0.085 0.095 0.052 0.062 0.070 0.024 0.025 0.024 0.023 0.022 0.022 0.022 0.023 0.006 0.007 0.011 0.012
 124 24 2018 0.098 0.106 0.053 0.060 0.071 0.020 0.028 0.024 0.023 0.022 0.022 0.022 0.023 0.006 0.007 0.011 0.012
 125 24 2018 0.094 0.102 0.055 0.060 0.068 0.022 0.031 0.026 0.024 0.023 0.023 0.022 0.023 0.006 0.007 0.011 0.012
 126 24 2018 0.111 0.089 0.056 0.060 0.063 0.023 0.030 0.026 0.025 0.024 0.023 0.023 0.023 0.006 0.007 0.011 0.012
 127 24 2018 0.118 0.087 0.057 0.060 0.063 0.024 0.031 0.023 0.024 0.024 0.023 0.023 0.023 0.006 0.007 0.011 0.012
 128 24 2018 0.100 0.098 0.066 0.060 0.062 0.023 0.038 0.024 0.024 0.024 0.023 0.023 0.023 0.006 0.007 0.011 0.012
 129 24 2018 0.106 0.109 0.080 0.070 0.061 0.024 0.038 0.026 0.024 0.024 0.024 0.023 0.024 0.006 0.007 0.011 0.012
 130 24 2018 0.094 0.096 0.072 0.072 0.064 0.024 0.027 0.026 0.025 0.024 0.024 0.023 0.024 0.006 0.007 0.011 0.012
 131 24 2018 0.088 0.088 0.066 0.066 0.066 0.024 0.024 0.024 0.025 0.024 0.024 0.024 0.024 0.006 0.007 0.011 0.012
 132 24 2018 0.090 0.089 0.067 0.067 0.067 0.025 0.025 0.024 0.024 0.023 0.024 0.024 0.024 0.006 0.007 0.011 0.012
 133 24 2018 0.127 0.116 0.088 0.088 0.088 0.033 0.032 0.025 0.024 0.024 0.024 0.024 0.024 0.006 0.007 0.010 0.011
 134 24 2018 0.141 0.143 0.099 0.103 0.104 0.040 0.040 0.039 0.028 0.025 0.024 0.024 0.025 0.006 0.007 0.007 0.007
 135 24 2018 0.133 0.134 0.097 0.101 0.102 0.039 0.033 0.033 0.031 0.026 0.025 0.024 0.025 0.006 0.006 0.006 0.006
 136 24 2018 0.100 0.103 0.082 0.083 0.083 0.031 0.029 0.029 0.029 0.027 0.025 0.024 0.025 0.006 0.006 0.006 0.006
 137 24 2018 0.087 0.079 0.064 0.069 0.069 0.025 0.025 0.025 0.026 0.026 0.025 0.024 0.025 0.006 0.006 0.006 0.006
 138 24 2018 0.109 0.115 0.064 0.068 0.068 0.025 0.025 0.025 0.025 0.025 0.024 0.025 0.025 0.006 0.006 0.006 0.006
 139 24 2018 0.129 0.141 0.066 0.068 0.089 0.030 0.032 0.037 0.031 0.032 0.023 0.024 0.024 0.006 0.008 0.007 0.007
 140 24 2018 0.118 0.140 0.067 0.068 0.091 0.027 0.031 0.040 0.031 0.032 0.026 0.024 0.025 0.006 0.009 0.008 0.008
 141 24 2018 0.109 0.124 0.071 0.068 0.087 0.027 0.031 0.040 0.031 0.032 0.027 0.025 0.025 0.006 0.007 0.007 0.007
 142 24 2018 0.086 0.076 0.063 0.061 0.067 0.025 0.027 0.026 0.029 0.025 0.026 0.025 0.025 0.006 0.006 0.006 0.006
 143 24 2018 0.091 0.077 0.061 0.061 0.060 0.022 0.024 0.024 0.025 0.025 0.025 0.025 0.025 0.006 0.006 0.006 0.006
 144 24 2018 0.082 0.083 0.063 0.063 0.062 0.022 0.023 0.023 0.024 0.024 0.024 0.024 0.025 0.006 0.006 0.006 0.006
 145 24 2018 0.086 0.086 0.065 0.065 0.065 0.023 0.023 0.023 0.023 0.023 0.023 0.024 0.024 0.006 0.006 0.006 0.006
 146 24 2018 0.082 0.082 0.062 0.062 0.062 0.023 0.023 0.022 0.023 0.022 0.022 0.022 0.022 0.005 0.005 0.005 0.005
 147 24 2018 0.078 0.078 0.059 0.059 0.059 0.021 0.021 0.022 0.022 0.021 0.021 0.022 0.022 0.005 0.005 0.005 0.005
 148 24 2018 0.078 0.078 0.058 0.058 0.058 0.021 0.021 0.021 0.021 0.021 0.021 0.021 0.021 0.005 0.005 0.005 0.005
 149 24 2018 0.077 0.077 0.058 0.058 0.058 0.021 0.021 0.021 0.021 0.021 0.021 0.021 0.021 0.005 0.005 0.005 0.005
 150 24 2018 0.071 0.071 0.053 0.053 0.053 0.019 0.019 0.019 0.020 0.020 0.020 0.020 0.020 0.005 0.005 0.005 0.005
 151 24 2018 0.061 0.061 0.046 0.046 0.046 0.016 0.017 0.017 0.017 0.017 0.018 0.018 0.018 0.004 0.004 0.004 0.004
 152 24 2018 0.050 0.050 0.038 0.038 0.038 0.014 0.014 0.015 0.015 0.015 0.016 0.016 0.017 0.004 0.004 0.004 0.004
 153 24 2018 0.045 0.045 0.034 0.034 0.034 0.012 0.013 0.013 0.014 0.014 0.014 0.015 0.015 0.004 0.004 0.004 0.004
 154 24 2018 0.040 0.041 0.031 0.031 0.031 0.011 0.012 0.012 0.012 0.013 0.013 0.013 0.013 0.003 0.003 0.003 0.003
 155 24 2018 0.032 0.035 0.027 0.027 0.027 0.010 0.011 0.011 0.012 0.012 0.012 0.012 0.013 0.003 0.003 0.003 0.003
 156 24 2018 0.027 0.030 0.023 0.024 0.024 0.009 0.010 0.011 0.011 0.011 0.011 0.012 0.012 0.003 0.003 0.003 0.003
 157 24 2018 0.026 0.028 0.022 0.022 0.023 0.008 0.010 0.010 0.011 0.011 0.011 0.011 0.012 0.003 0.003 0.003 0.003
 158 24 2018 0.025 0.027 0.021 0.021 0.022 0.008 0.009 0.010 0.010 0.011 0.011 0.011 0.011 0.003 0.003 0.003 0.003
 159 24 2018 0.024 0.026 0.020 0.021 0.021 0.008 0.009 0.010 0.010 0.010 0.010 0.011 0.011 0.003 0.003 0.003 0.003
 160 24 2018 0.023 0.025 0.020 0.020 0.021 0.007 0.009 0.009 0.010 0.010 0.010 0.011 0.011 0.003 0.003 0.003 0.003
 161 24 2018 0.023 0.025 0.019 0.020 0.020 0.007 0.009 0.009 0.010 0.010 0.010 0.010 0.011 0.002 0.003 0.003 0.003
 162 24 2018 0.023 0.024 0.019 0.019 0.020 0.007 0.008 0.009 0.009 0.010 0.010 0.010 0.010 0.002 0.003 0.003 0.003
 163 24 2018 0.023 0.024 0.019 0.019 0.020 0.007 0.008 0.009 0.009 0.010 0.010 0.010 0.010 0.002 0.003 0.003 0.003
 164 24 2018 0.023 0.024 0.019 0.019 0.019 0.007 0.008 0.009 0.009 0.009 0.010 0.010 0.010 0.002 0.003 0.003 0.003
 165 24 2018 0.023 0.024 0.019 0.019 0.019 0.007 0.008 0.009 0.009 0.009 0.010 0.010 0.010 0.002 0.003 0.003 0.003
 166 24 2018 0.026 0.025 0.019 0.019 0.019 0.007 0.008 0.008 0.009 0.009 0.009 0.010 0.010 0.002 0.002 0.003 0.003
 167 24 2018 0.033 0.030 0.022 0.021 0.021 0.007 0.008 0.008 0.009 0.009 0.009 0.010 0.010 0.002 0.002 0.003 0.003
 168 24 2018 0.109 0.069 0.052 0.051 0.051 0.018 0.018 0.017 0.017 0.017 0.016 0.016 0.015 0.004 0.003 0.003 0.003
 169 24 2018 0.095 0.095 0.071 0.071 0.071 0.026 0.026 0.026 0.026 0.026 0.026 0.026 0.026 0.007 0.007 0.007 0.007
 170 24 2018 0.095 0.093 0.070 0.070 0.070 0.026 0.026 0.026 0.026 0.026 0.026 0.026 0.026 0.006 0.006 0.006 0.006
 171 24 2018 0.090 0.090 0.067 0.067 0.067 0.025 0.025 0.025 0.025 0.025 0.025 0.025 0.025 0.006 0.006 0.006 0.006
 172 24 2018 0.078 0.078 0.059 0.059 0.059 0.021 0.021 0.022 0.022 0.022 0.022 0.022 0.022 0.005 0.005 0.005 0.005
 173 24 2018 0.062 0.062 0.047 0.047 0.047 0.017 0.017 0.017 0.018 0.018 0.018 0.018 0.018 0.004 0.004 0.005 0.005
 174 24 2018 0.051 0.051 0.038 0.038 0.038 0.014 0.014 0.014 0.014 0.015 0.015 0.015 0.015 0.004 0.004 0.004 0.004
 175 24 2018 0.055 0.053 0.039 0.039 0.039 0.014 0.014 0.014 0.014 0.014 0.014 0.014 0.014 0.003 0.003 0.004 0.004
 176 24 2018 0.049 0.049 0.037 0.037 0.037 0.013 0.013 0.014 0.014 0.014 0.014 0.014 0.014 0.003 0.003 0.003 0.003
 177 24 2018 0.038 0.039 0.030 0.030 0.030 0.011 0.012 0.012 0.012 0.013 0.013 0.013 0.013 0.003 0.003 0.003 0.003
 178 24 2018 0.029 0.032 0.025 0.025 0.025 0.009 0.010 0.011 0.011 0.012 0.012 0.012 0.012 0.003 0.003 0.003 0.003
 179 24 2018 0.026 0.029 0.022 0.023 0.023 0.008 0.010 0.010 0.011 0.011 0.011 0.012 0.012 0.003 0.003 0.003 0.003
 180 24 2018 0.025 0.027 0.021 0.022 0.022 0.008 0.009 0.010 0.010 0.011 0.011 0.011 0.011 0.003 0.003 0.003 0.003
 181 24 2018 0.029 0.029 0.021 0.022 0.022 0.008 0.009 0.010 0.010 0.010 0.011 0.011 0.011 0.003 0.003 0.003 0.003
 182 24 2018 0.026 0.028 0.022 0.022 0.022 0.008 0.009 0.009 0.010 0.010 0.010 0.011 0.011 0.003 0.003 0.003 0.003
 183 24 2018 0.024 0.026 0.021 0.021 0.021 0.008 0.009 0.009 0.010 0.010 0.010 0.010 0.011 0.002 0.003 0.003 0.003
 184 24 2018 0.024 0.026 0.020 0.020 0.021 0.007 0.008 0.009 0.009 0.010 0.010 0.010 0.010 0.002 0.003 0.003 0.003
 185 24 2018 0.024 0.025 0.020 0.020 0.020 0.007 0.008 0.009 0.009 0.010 0.010 0.010 0.010 0.002 0.003 0.003 0.003
 186 24 2018 0.026 0.026 0.020 0.020 0.020 0.007 0.008 0.009 0.009 0.009 0.010 0.010 0.010 0.002 0.003 0.003 0.003
 187 24 2018 0.025 0.026 0.020 0.020 0.020 0.007 0.008 0.009 0.009 0.009 0.010 0.010 0.010 0.002 0.003 0.003 0.003
 188 24 2018 0.041 0.037 0.027 0.026 0.026 0.009 0.008 0.009 0.009 0.009 0.009 0.010 0.010 0.002 0.002 0.003 0.003
 189 24 2018 0.038 0.039 0.029 0.029 0.029 0.010 0.010 0.010 0.010 0.010 0.010 0.010 0.010 0.002 0.002 0.003 0.003
 190 24 2018 0.030 0.032 0.025 0.025 0.025 0.009 0.009 0.010 0.010 0.010 0.010 0.010 0.010 0.002 0.002 0.003 0.003
 191 24 2018 0.026 0.028 0.022 0.022 0.023 0.008 0.009 0.009 0.009 0.010 0.010 0.010 0.010 0.002 0.002 0.003 0.003
 192 24 2018 0.024 0.026 0.020 0.021 0.021 0.007 0.008 0.009 0.009 0.009 0.010 0.010 0.010 0.002 0.002 0.003 0.003
 193 24 2018 0.032 0.030 0.022 0.021 0.021 0.007 0.008 0.009 0.009 0.009 0.009 0.010 0.010 0.002 0.002 0.002 0.002
 194 24 2018 0.034 0.033 0.024 0.024 0.024 0.008 0.008 0.009 0.009 0.009 0.009 0.010 0.010 0.002 0.002 0.002 0.002
 195 24 2018 0.029 0.031 0.024 0.024 0.024 0.008 0.008 0.009 0.009 0.009 0.009 0.009 0.010 0.002 0.002 0.002 0.002
 196 24 2018 0.059 0.048 0.035 0.035 0.035 0.012 0.011 0.011 0.010 0.010 0.010 0.009 0.010 0.002 0.002 0.002 0.002
 197 24 2018 0.058 0.057 0.043 0.043 0.043 0.015 0.015 0.015 0.015 0.014 0.014 0.013 0.013 0.003 0.002 0.002 0.002
 198 24 2018 0.051 0.051 0.038 0.038 0.038 0.014 0.014 0.014 0.014 0.014 0.014 0.014 0.014 0.003 0.003 0.003 0.003
 199 24 2018 0.044 0.044 0.033 0.033 0.033 0.012 0.012 0.012 0.013 0.013 0.013 0.013 0.013 0.003 0.003 0.003 0.003
 200 24 2018 0.033 0.035 0.027 0.028 0.028 0.010 0.011 0.011 0.012 0.012 0.012 0.012 0.012 0.003 0.003 0.003 0.003
 201 24 2018 0.028 0.030 0.023 0.024 0.024 0.009 0.010 0.010 0.011 0.011 0.011 0.012 0.012 0.003 0.003 0.003 0.003
 202 24 2018 0.030 0.029 0.022 0.023 0.023 0.008 0.009 0.010 0.010 0.011 0.011 0.011 0.011 0.003 0.003 0.003 0.003
 203 24 2018 0.066 0.051 0.038 0.038 0.037 0.013 0.013 0.012 0.012 0.012 0.012 0.011 0.011 0.003 0.003 0.003 0.003
 204 24 2018 0.088 0.073 0.055 0.055 0.055 0.020 0.020 0.020 0.019 0.019 0.019 0.019 0.019 0.004 0.004 0.003 0.003
 205 24 2018 0.082 0.082 0.062 0.062 0.062 0.022 0.022 0.023 0.023 0.023 0.023 0.023 0.023 0.006 0.006 0.006 0.006
 206 24 2018 0.079 0.077 0.058 0.058 0.058 0.021 0.021 0.021 0.021 0.021 0.021 0.021 0.021 0.005 0.005 0.005 0.005
 207 24 2018 0.076 0.075 0.056 0.056 0.056 0.020 0.020 0.020 0.020 0.020 0.020 0.020 0.020 0.005 0.005 0.005 0.005
 208 24 2018 0.069 0.068 0.051 0.051 0.051 0.018 0.018 0.019 0.019 0.019 0.019 0.019 0.019 0.004 0.005 0.005 0.005
 209 24 2018 0.060 0.060 0.045 0.045 0.045 0.016 0.016 0.016 0.016 0.017 0.017 0.017 0.017 0.004 0.004 0.004 0.004
 210 24 2018 0.051 0.051 0.038 0.038 0.039 0.014 0.014 0.014 0.014 0.015 0.015 0.015 0.015 0.004 0.004 0.004 0.004
 211 24 2018 0.046 0.046 0.035 0.035 0.035 0.012 0.012 0.013 0.013 0.013 0.013 0.014 0.014 0.003 0.003 0.004 0.004
 212 24 2018 0.041 0.041 0.031 0.031 0.031 0.011 0.012 0.012 0.012 0.012 0.013 0.013 0.013 0.003 0.003 0.003 0.003
 213 24 2018 0.037 0.037 0.028 0.028 0.028 0.010 0.011 0.011 0.011 0.012 0.012 0.012 0.012 0.003 0.003 0.003 0.003
 214 24 2018 0.032 0.033 0.025 0.026 0.026 0.009 0.010 0.011 0.011 0.011 0.011 0.012 0.012 0.003 0.003 0.003 0.003
 215 24 2018 0.038 0.036 0.027 0.027 0.027 0.009 0.010 0.010 0.011 0.011 0.011 0.011 0.011 0.003 0.003 0.003 0.003
 216 24 2018 0.034 0.035 0.027 0.027 0.027 0.009 0.010 0.010 0.010 0.011 0.011 0.011 0.011 0.003 0.003 0.003 0.003
 217 24 2018 0.035 0.034 0.025 0.026 0.026 0.009 0.009 0.010 0.010 0.010 0.011 0.011 0.011 0.003 0.003 0.003 0.003
 218 24 2018 0.031 0.032 0.025 0.025 0.025 0.009 0.009 0.010 0.010 0.010 0.010 0.011 0.011 0.002 0.003 0.003 0.003
 219 24 2018 0.029 0.030 0.023 0.023 0.023 0.008 0.009 0.009 0.010 0.010 0.010 0.010 0.011 0.002 0.003 0.003 0.003
 220 24 2018 0.030 0.030 0.023 0.023 0.023 0.008 0.009 0.009 0.010 0.010 0.010 0.010 0.010 0.002 0.003 0.003 0.003
 221 24 2018 0.028 0.029 0.022 0.023 0.023 0.008 0.009 0.009 0.009 0.010 0.010 0.010 0.010 0.002 0.003 0.003 0.003
 222 24 2018 0.026 0.027 0.021 0.021 0.022 0.008 0.008 0.009 0.009 0.010 0.010 0.010 0.010 0.002 0.003 0.003 0.003
 223 24 2018 0.024 0.026 0.020 0.021 0.021 0.007 0.008 0.009 0.009 0.009 0.010 0.010 0.010 0.002 0.002 0.003 0.003
 224 24 2018 0.024 0.025 0.020 0.020 0.020 0.007 0.008 0.009 0.009 0.009 0.009 0.010 0.010 0.002 0.002 0.003 0.003
 225 24 2018 0.024 0.025 0.019 0.020 0.020 0.007 0.008 0.008 0.009 0.009 0.009 0.010 0.010 0.002 0.002 0.003 0.003
 226 24 2018 0.026 0.025 0.019 0.019 0.020 0.007 0.008 0.008 0.009 0.009 0.009 0.010 0.010 0.002 0.002 0.003 0.003
 227 24 2018 0.024 0.026 0.020 0.020 0.020 0.007 0.008 0.008 0.009 0.009 0.009 0.009 0.010 0.002 0.002 0.002 0.002
 228 24 2018 0.024 0.025 0.019 0.019 0.020 0.007 0.008 0.008 0.009 0.009 0.009 0.009 0.010 0.002 0.002 0.002 0.002
 229 24 2018 0.024 0.025 0.019 0.019 0.019 0.007 0.007 0.008 0.008 0.009 0.009 0.009 0.009 0.002 0.002 0.002 0.002
 230 24 2018 0.028 0.027 0.020 0.020 0.020 0.007 0.007 0.008 0.008 0.009 0.009 0.009 0.009 0.002 0.002 0.002 0.002
 231 24 2018 0.026 0.027 0.021 0.021 0.021 0.007 0.007 0.008 0.008 0.009 0.009 0.009 0.009 0.002 0.002 0.002 0.002
 232 24 2018 0.025 0.026 0.020 0.020 0.020 0.007 0.007 0.008 0.008 0.008 0.009 0.009 0.009 0.002 0.002 0.002 0.002
 233 24 2018 0.037 0.034 0.024 0.024 0.023 0.008 0.008 0.008 0.008 0.008 0.009 0.009 0.009 0.002 0.002 0.002 0.002
 234 24 2018 0.034 0.035 0.026 0.026 0.026 0.009 0.009 0.008 0.008 0.008 0.009 0.009 0.009 0.002 0.002 0.002 0.002
 235 24 2018 0.029 0.030 0.023 0.024 0.024 0.008 0.008 0.009 0.009 0.009 0.009 0.009 0.009 0.002 0.002 0.002 0.002
 236 24 2018 0.026 0.028 0.021 0.022 0.022 0.008 0.008 0.008 0.008 0.009 0.009 0.009 0.009 0.002 0.002 0.002 0.002
 237 24 2018 0.028 0.028 0.021 0.021 0.021 0.007 0.008 0.008 0.008 0.009 0.009 0.009 0.009 0.002 0.002 0.002 0.002
 238 24 2018 0.026 0.027 0.021 0.021 0.021 0.007 0.008 0.008 0.008 0.008 0.009 0.009 0.009 0.002 0.002 0.002 0.002
 239 24 2018 0.033 0.031 0.023 0.022 0.022 0.007 0.008 0.008 0.008 0.008 0.009 0.009 0.009 0.002 0.002 0.002 0.002
 240 24 2018 0.029 0.031 0.023 0.024 0.024 0.008 0.008 0.008 0.008 0.008 0.008 0.009 0.009 0.002 0.002 0.002 0.002
 241 24 2018 0.026 0.028 0.022 0.022 0.022 0.008 0.008 0.008 0.008 0.008 0.008 0.009 0.009 0.002 0.002 0.002 0.002
 242 24 2018 0.024 0.026 0.020 0.020 0.021 0.007 0.008 0.008 0.008 0.008 0.008 0.009 0.009 0.002 0.002 0.002 0.002
 243 24 2018 0.024 0.025 0.019 0.020 0.020 0.007 0.007 0.008 0.008 0.008 0.008 0.009 0.009 0.002 0.002 0.002 0.002
 244 24 2018 0.025 0.025 0.019 0.019 0.019 0.007 0.007 0.008 0.008 0.008 0.008 0.009 0.009 0.002 0.002 0.002 0.002
 245 24 2018 0.024 0.025 0.019 0.019 0.019 0.007 0.007 0.008 0.008 0.008 0.008 0.009 0.009 0.002 0.002 0.002 0.002
 246 24 2018 0.024 0.025 0.019 0.019 0.019 0.007 0.007 0.007 0.008 0.008 0.008 0.008 0.009 0.002 0.002 0.002 0.002
 247 24 2018 0.025 0.025 0.019 0.019 0.019 0.007 0.007 0.007 0.008 0.008 0.008 0.008 0.009 0.002 0.002 0.002 0.002
 248 24 2018 0.040 0.036 0.026 0.025 0.024 0.008 0.007 0.007 0.008 0.008 0.008 0.008 0.009 0.002 0.002 0.002 0.002
 249 24 2018 0.042 0.041 0.031 0.031 0.031 0.011 0.010 0.009 0.008 0.008 0.008 0.008 0.008 0.002 0.002 0.002 0.002
 250 24 2018 0.042 0.041 0.031 0.031 0.031 0.011 0.010 0.010 0.010 0.009 0.009 0.008 0.008 0.002 0.002 0.002 0.002
 251 24 2018 0.039 0.039 0.029 0.029 0.029 0.010 0.010 0.010 0.010 0.009 0.009 0.009 0.009 0.002 0.002 0.002 0.002
 252 24 2018 0.033 0.034 0.026 0.026 0.026 0.009 0.009 0.009 0.009 0.009 0.009 0.009 0.009 0.002 0.002 0.002 0.002
 253 24 2018 0.028 0.030 0.023 0.023 0.024 0.008 0.009 0.009 0.009 0.009 0.009 0.009 0.009 0.002 0.002 0.002 0.002
 254 24 2018 0.026 0.028 0.021 0.022 0.022 0.008 0.008 0.009 0.009 0.009 0.009 0.009 0.009 0.002 0.002 0.002 0.002
 255 24 2018 0.024 0.026 0.020 0.021 0.021 0.007 0.008 0.008 0.009 0.009 0.009 0.009 0.009 0.002 0.002 0.002 0.002
 256 24 2018 0.023 0.025 0.019 0.020 0.020 0.007 0.008 0.008 0.008 0.009 0.009 0.009 0.009 0.002 0.002 0.002 0.002
 257 24 2018 0.023 0.024 0.019 0.019 0.020 0.007 0.008 0.008 0.008 0.009 0.009 0.009 0.009 0.002 0.002 0.002 0.002
 258 24 2018 0.023 0.024 0.018 0.019 0.019 0.007 0.007 0.008 0.008 0.008 0.009 0.009 0.009 0.002 0.002 0.002 0.002
 259 24 2018 0.023 0.024 0.018 0.019 0.019 0.007 0.007 0.008 0.008 0.008 0.008 0.009 0.009 0.002 0.002 0.002 0.002
 260 24 2018 0.023 0.024 0.018 0.018 0.019 0.006 0.007 0.008 0.008 0.008 0.008 0.009 0.009 0.002 0.002 0.002 0.002
 261 24 2018 0.023 0.024 0.018 0.018 0.019 0.006 0.007 0.007 0.008 0.008 0.008 0.009 0.009 0.002 0.002 0.002 0.002
 262 24 2018 0.030 0.027 0.020 0.019 0.019 0.006 0.007 0.007 0.008 0.008 0.008 0.009 0.009 0.002 0.002 0.002 0.002
 263 24 2018 0.026 0.028 0.021 0.021 0.021 0.007 0.007 0.007 0.008 0.008 0.008 0.008 0.009 0.002 0.002 0.002 0.002
 264 24 2018 0.025 0.026 0.020 0.020 0.020 0.007 0.007 0.007 0.008 0.008 0.008 0.008 0.009 0.002 0.002 0.002 0.002
 265 24 2018 0.024 0.025 0.019 0.020 0.020 0.007 0.007 0.007 0.008 0.008 0.008 0.008 0.008 0.002 0.002 0.002 0.002
 266 24 2018 0.023 0.024 0.019 0.019 0.019 0.007 0.007 0.007 0.008 0.008 0.008 0.008 0.008 0.002 0.002 0.002 0.002
 267 24 2018 0.032 0.029 0.021 0.021 0.020 0.007 0.007 0.007 0.008 0.008 0.008 0.008 0.008 0.002 0.002 0.002 0.002
 268 24 2018 0.029 0.030 0.023 0.023 0.023 0.008 0.007 0.007 0.008 0.008 0.008 0.008 0.008 0.002 0.002 0.002 0.002
 269 24 2018 0.026 0.028 0.021 0.021 0.022 0.007 0.007 0.008 0.008 0.008 0.008 0.008 0.008 0.002 0.002 0.002 0.002
 270 24 2018 0.025 0.026 0.020 0.020 0.020 0.007 0.007 0.007 0.008 0.008 0.008 0.008 0.008 0.002 0.002 0.002 0.002
 271 24 2018 0.024 0.025 0.019 0.020 0.020 0.007 0.007 0.007 0.008 0.008 0.008 0.008 0.008 0.002 0.002 0.002 0.002
 272 24 2018 0.024 0.025 0.019 0.019 0.019 0.007 0.007 0.007 0.008 0.008 0.008 0.008 0.008 0.002 0.002 0.002 0.002
 273 24 2018 0.023 0.024 0.019 0.019 0.019 0.007 0.007 0.007 0.007 0.008 0.008 0.008 0.008 0.002 0.002 0.002 0.002
 274 24 2018 0.024 0.024 0.018 0.019 0.019 0.006 0.007 0.007 0.007 0.008 0.008 0.008 0.008 0.002 0.002 0.002 0.002
 275 24 2018 0.026 0.025 0.019 0.019 0.019 0.006 0.007 0.007 0.007 0.008 0.008 0.008 0.008 0.002 0.002 0.002 0.002
 276 24 2018 0.025 0.025 0.019 0.019 0.019 0.006 0.007 0.007 0.007 0.008 0.008 0.008 0.008 0.002 0.002 0.002 0.002
 277 24 2018 0.034 0.031 0.022 0.021 0.021 0.007 0.007 0.007 0.007 0.007 0.008 0.008 0.008 0.002 0.002 0.002 0.002
 278 24 2018 0.033 0.033 0.024 0.024 0.024 0.008 0.008 0.007 0.007 0.007 0.008 0.008 0.008 0.002 0.002 0.002 0.002
 279 24 2018 0.037 0.036 0.026 0.026 0.026 0.009 0.008 0.008 0.008 0.008 0.008 0.008 0.008 0.002 0.002 0.002 0.002
 280 24 2018 0.039 0.038 0.029 0.029 0.029 0.010 0.009 0.009 0.008 0.008 0.008 0.008 0.008 0.002 0.002 0.002 0.002
 281 24 2018 0.038 0.038 0.029 0.029 0.029 0.010 0.009 0.009 0.009 0.008 0.008 0.008 0.008 0.002 0.002 0.002 0.002
 282 24 2018 0.037 0.037 0.028 0.028 0.028 0.010 0.009 0.009 0.009 0.009 0.008 0.008 0.008 0.002 0.002 0.002 0.002
 283 24 2018 0.038 0.037 0.028 0.028 0.028 0.010 0.009 0.009 0.009 0.009 0.008 0.008 0.008 0.002 0.002 0.002 0.002
 284 24 2018 0.049 0.042 0.032 0.032 0.032 0.011 0.010 0.010 0.009 0.009 0.009 0.008 0.008 0.002 0.002 0.002 0.002
 285 24 2018 0.061 0.056 0.042 0.042 0.042 0.015 0.015 0.014 0.014 0.013 0.012 0.011 0.009 0.002 0.002 0.002 0.002
 286 24 2018 0.067 0.059 0.044 0.044 0.044 0.016 0.016 0.015 0.015 0.015 0.015 0.015 0.014 0.003 0.002 0.002 0.002
 287 24 2018 0.063 0.062 0.047 0.047 0.047 0.017 0.017 0.017 0.017 0.017 0.016 0.016 0.016 0.004 0.003 0.002 0.002
 288 24 2018 0.064 0.064 0.048 0.048 0.048 0.017 0.017 0.017 0.017 0.017 0.017 0.017 0.017 0.004 0.004 0.003 0.003
 289 24 2018 0.068 0.065 0.049 0.049 0.049 0.017 0.017 0.017 0.017 0.017 0.017 0.017 0.017 0.004 0.004 0.004 0.004
 290 24 2018 0.071 0.068 0.051 0.051 0.051 0.018 0.018 0.018 0.018 0.018 0.018 0.018 0.018 0.004 0.004 0.004 0.004
 291 24 2018 0.075 0.072 0.054 0.054 0.054 0.019 0.019 0.019 0.019 0.019 0.019 0.019 0.019 0.005 0.005 0.005 0.005
 292 24 2018 0.083 0.077 0.057 0.057 0.057 0.021 0.021 0.021 0.021 0.021 0.021 0.021 0.021 0.005 0.005 0.005 0.005
 293 24 2018 0.086 0.082 0.061 0.061 0.061 0.022 0.022 0.022 0.022 0.022 0.022 0.022 0.022 0.005 0.005 0.005 0.005
 294 24 2018 0.078 0.078 0.058 0.058 0.058 0.021 0.021 0.021 0.021 0.021 0.021 0.021 0.021 0.005 0.005 0.005 0.005
 295 24 2018 0.073 0.073 0.055 0.055 0.055 0.020 0.020 0.020 0.020 0.020 0.020 0.020 0.020 0.005 0.005 0.005 0.005
 296 24 2018 0.069 0.069 0.052 0.052 0.052 0.019 0.019 0.019 0.019 0.019 0.019 0.019 0.019 0.004 0.005 0.005 0.005
 297 24 2018 0.064 0.064 0.048 0.048 0.048 0.017 0.017 0.017 0.017 0.018 0.018 0.018 0.018 0.004 0.004 0.004 0.004
 298 24 2018 0.059 0.059 0.045 0.045 0.045 0.016 0.016 0.016 0.016 0.016 0.016 0.016 0.016 0.004 0.004 0.004 0.004
 299 24 2018 0.055 0.055 0.041 0.041 0.041 0.015 0.015 0.015 0.015 0.015 0.015 0.015 0.015 0.004 0.004 0.004 0.004
 300 24 2018 0.052 0.052 0.039 0.039 0.039 0.014 0.014 0.014 0.014 0.014 0.014 0.014 0.014 0.003 0.003 0.004 0.004
 301 24 2018 0.050 0.050 0.037 0.037 0.037 0.013 0.013 0.013 0.013 0.014 0.014 0.014 0.014 0.003 0.003 0.003 0.003
 302 24 2018 0.047 0.047 0.035 0.035 0.035 0.012 0.013 0.013 0.013 0.013 0.013 0.013 0.013 0.003 0.003 0.003 0.003
 303 24 2018 0.049 0.048 0.036 0.036 0.036 0.013 0.013 0.013 0.013 0.013 0.013 0.013 0.013 0.003 0.003 0.003 0.003
 304 24 2018 0.049 0.049 0.037 0.037 0.037 0.013 0.013 0.013 0.013 0.013 0.013 0.013 0.013 0.003 0.003 0.003 0.003
 305 24 2018 0.051 0.049 0.037 0.037 0.037 0.013 0.013 0.013 0.013 0.013 0.013 0.013 0.013 0.003 0.003 0.003 0.003
 306 24 2018 0.090 0.069 0.052 0.052 0.052 0.019 0.019 0.018 0.018 0.018 0.018 0.017 0.017 0.004 0.004 0.003 0.003
 307 24 2018 0.103 0.092 0.069 0.069 0.069 0.025 0.025 0.025 0.025 0.025 0.025 0.025 0.025 0.006 0.006 0.006 0.006
 308 24 2018 0.118 0.097 0.074 0.074 0.074 0.027 0.027 0.028 0.028 0.028 0.028 0.028 0.028 0.007 0.007 0.007 0.007
 309 24 2018 0.112 0.093 0.088 0.071 0.072 0.026 0.026 0.026 0.026 0.026 0.027 0.027 0.027 0.007 0.007 0.007 0.007
 310 24 2018 0.062 0.076 0.077 0.077 0.077 0.029 0.029 0.029 0.029 0.029 0.029 0.029 0.029 0.007 0.007 0.007 0.007
 311 24 2018 0.051 0.056 0.055 0.060 0.066 0.024 0.024 0.024 0.024 0.025 0.025 0.025 0.025 0.006 0.006 0.006 0.006
 312 24 2018 0.049 0.052 0.042 0.047 0.064 0.024 0.024 0.024 0.024 0.024 0.024 0.024 0.024 0.006 0.006 0.006 0.006
 313 24 2018 0.048 0.049 0.039 0.043 0.062 0.023 0.023 0.023 0.023 0.023 0.023 0.023 0.023 0.006 0.006 0.006 0.006
 314 24 2018 0.049 0.050 0.040 0.043 0.057 0.021 0.021 0.021 0.021 0.021 0.021 0.021 0.021 0.005 0.005 0.005 0.005
 315 24 2018 0.049 0.051 0.040 0.043 0.052 0.019 0.019 0.019 0.019 0.019 0.019 0.019 0.019 0.005 0.005 0.005 0.005
 316 24 2018 0.052 0.054 0.042 0.045 0.050 0.018 0.018 0.018 0.018 0.018 0.018 0.018 0.018 0.004 0.004 0.004 0.004
 317 24 2018 0.053 0.054 0.042 0.044 0.048 0.017 0.017 0.017 0.017 0.017 0.017 0.017 0.017 0.004 0.004 0.004 0.004
 318 24 2018 0.054 0.055 0.042 0.044 0.046 0.016 0.016 0.016 0.017 0.017 0.017 0.017 0.017 0.004 0.004 0.004 0.004
 319 24 2018 0.053 0.054 0.042 0.043 0.044 0.016 0.016 0.016 0.016 0.016 0.016 0.016 0.016 0.004 0.004 0.004 0.004
 320 24 2018 0.048 0.049 0.038 0.040 0.042 0.015 0.015 0.015 0.015 0.015 0.015 0.015 0.015 0.004 0.004 0.004 0.004
 321 24 2018 0.047 0.048 0.037 0.039 0.040 0.014 0.014 0.014 0.014 0.014 0.014 0.015 0.015 0.003 0.003 0.004 0.004
 322 24 2018 0.048 0.048 0.037 0.038 0.039 0.014 0.014 0.014 0.014 0.014 0.014 0.014 0.014 0.003 0.003 0.003 0.003
 323 24 2018 0.046 0.047 0.036 0.037 0.038 0.013 0.013 0.014 0.014 0.014 0.014 0.014 0.014 0.003 0.003 0.003 0.003
 324 24 2018 0.047 0.047 0.036 0.036 0.037 0.013 0.013 0.013 0.013 0.013 0.013 0.013 0.013 0.003 0.003 0.003 0.003
 325 24 2018 0.047 0.047 0.036 0.036 0.037 0.013 0.013 0.013 0.013 0.013 0.013 0.013 0.013 0.003 0.003 0.003 0.003
 326 24 2018 0.049 0.049 0.037 0.037 0.037 0.013 0.013 0.013 0.013 0.013 0.013 0.013 0.013 0.003 0.003 0.003 0.003
 327 24 2018 0.061 0.055 0.040 0.039 0.039 0.014 0.014 0.014 0.014 0.013 0.013 0.013 0.013 0.003 0.003 0.003 0.003
 328 24 2018 0.069 0.063 0.045 0.044 0.044 0.017 0.016 0.016 0.016 0.016 0.016 0.015 0.015 0.003 0.003 0.003 0.003
 329 24 2018 0.055 0.057 0.044 0.044 0.045 0.016 0.016 0.016 0.016 0.016 0.016 0.016 0.016 0.004 0.004 0.004 0.003
 330 24 2018 0.047 0.049 0.038 0.040 0.042 0.015 0.015 0.016 0.016 0.016 0.016 0.016 0.016 0.004 0.004 0.004 0.004
 331 24 2018 0.046 0.047 0.036 0.037 0.039 0.014 0.015 0.015 0.015 0.015 0.015 0.015 0.015 0.003 0.004 0.004 0.004
 332 24 2018 0.048 0.048 0.036 0.037 0.038 0.014 0.014 0.014 0.014 0.014 0.014 0.014 0.014 0.003 0.003 0.003 0.003
 333 24 2018 0.050 0.050 0.038 0.038 0.039 0.014 0.014 0.014 0.014 0.014 0.014 0.014 0.014 0.003 0.003 0.003 0.003
 334 24 2018 0.047 0.048 0.037 0.037 0.038 0.014 0.014 0.014 0.014 0.014 0.014 0.014 0.014 0.003 0.003 0.003 0.003
 335 24 2018 0.047 0.047 0.036 0.037 0.037 0.013 0.013 0.013 0.014 0.014 0.014 0.014 0.014 0.003 0.003 0.003 0.003
 336 24 2018 0.045 0.045 0.035 0.036 0.036 0.013 0.013 0.013 0.013 0.013 0.013 0.013 0.013 0.003 0.003 0.003 0.003
 337 24 2018 0.044 0.044 0.034 0.034 0.035 0.013 0.013 0.013 0.013 0.013 0.013 0.013 0.013 0.003 0.003 0.003 0.003
 338 24 2018 0.043 0.044 0.033 0.034 0.034 0.012 0.012 0.012 0.013 0.013 0.013 0.013 0.013 0.003 0.003 0.003 0.003
 339 24 2018 0.043 0.043 0.033 0.033 0.034 0.012 0.012 0.012 0.012 0.012 0.012 0.012 0.013 0.003 0.003 0.003 0.003
 340 24 2018 0.046 0.045 0.034 0.034 0.034 0.012 0.012 0.012 0.012 0.012 0.012 0.012 0.012 0.003 0.003 0.003 0.003
 341 24 2018 0.045 0.045 0.034 0.035 0.035 0.012 0.012 0.012 0.012 0.012 0.012 0.012 0.012 0.003 0.003 0.003 0.003
 342 24 2018 0.045 0.045 0.034 0.035 0.035 0.012 0.012 0.012 0.012 0.012 0.012 0.012 0.012 0.003 0.003 0.003 0.003
 343 24 2018 0.045 0.045 0.034 0.034 0.035 0.012 0.012 0.012 0.012 0.012 0.012 0.012 0.012 0.003 0.003 0.003 0.003
 344 24 2018 0.045 0.045 0.034 0.034 0.034 0.012 0.012 0.012 0.012 0.012 0.012 0.012 0.012 0.003 0.003 0.003 0.003
 345 24 2018 0.044 0.044 0.034 0.034 0.034 0.012 0.012 0.012 0.012 0.012 0.012 0.012 0.012 0.003 0.003 0.003 0.003
 346 24 2018 0.044 0.044 0.033 0.034 0.034 0.012 0.012 0.012 0.012 0.012 0.012 0.012 0.012 0.003 0.003 0.003 0.003
 347 24 2018 0.043 0.043 0.033 0.033 0.034 0.012 0.012 0.012 0.012 0.012 0.012 0.012 0.012 0.003 0.003 0.003 0.003
 348 24 2018 0.044 0.044 0.033 0.033 0.034 0.012 0.012 0.012 0.012 0.012 0.012 0.012 0.012 0.003 0.003 0.003 0.003
 349 24 2018 0.046 0.046 0.034 0.034 0.034 0.012 0.012 0.012 0.012 0.012 0.012 0.012 0.012 0.003 0.003 0.003 0.003
 350 24 2018 0.047 0.047 0.035 0.035 0.035 0.012 0.012 0.012 0.012 0.012 0.012 0.012 0.012 0.003 0.003 0.003 0.003
 351 24 2018 0.047 0.047 0.035 0.035 0.035 0.012 0.012 0.012 0.012 0.012 0.012 0.012 0.012 0.003 0.003 0.003 0.003
 352 24 2018 0.047 0.047 0.035 0.036 0.036 0.012 0.012 0.012 0.012 0.012 0.012 0.012 0.012 0.003 0.003 0.003 0.003
 353 24 2018 0.045 0.046 0.035 0.035 0.035 0.012 0.012 0.012 0.012 0.012 0.012 0.012 0.012 0.003 0.003 0.003 0.003
 354 24 2018 0.044 0.045 0.034 0.034 0.035 0.012 0.012 0.012 0.012 0.012 0.012 0.012 0.012 0.003 0.003 0.003 0.003
 355 24 2018 0.045 0.046 0.034 0.034 0.035 0.012 0.012 0.012 0.012 0.012 0.012 0.012 0.012 0.003 0.003 0.003 0.003
 356 24 2018 0.044 0.045 0.034 0.034 0.035 0.012 0.012 0.012 0.012 0.012 0.012 0.012 0.012 0.003 0.003 0.003 0.003
 357 24 2018 0.043 0.044 0.033 0.034 0.034 0.012 0.012 0.012 0.012 0.012 0.012 0.012 0.012 0.003 0.003 0.003 0.003
 358 24 2018 0.044 0.044 0.033 0.033 0.034 0.012 0.012 0.012 0.012 0.012 0.012 0.012 0.012 0.003 0.003 0.003 0.003
 359 24 2018 0.043 0.043 0.033 0.033 0.033 0.012 0.012 0.012 0.012 0.012 0.012 0.012 0.012 0.003 0.003 0.003 0.003
 360 24 2018 0.043 0.043 0.032 0.033 0.033 0.011 0.012 0.012 0.012 0.012 0.012 0.012 0.012 0.003 0.003 0.003 0.003
 361 24 2018 0.042 0.042 0.032 0.032 0.033 0.011 0.011 0.011 0.012 0.012 0.012 0.012 0.012 0.003 0.003 0.003 0.003
 362 24 2018 0.041 0.041 0.031 0.032 0.032 0.011 0.011 0.011 0.011 0.011 0.011 0.012 0.012 0.003 0.003 0.003 0.003
 363 24 2018 0.041 0.041 0.031 0.031 0.032 0.011 0.011 0.011 0.011 0.011 0.011 0.011 0.011 0.003 0.003 0.003 0.003
 364 24 2018 0.042 0.042 0.031 0.032 0.032 0.011 0.011 0.011 0.011 0.011 0.011 0.011 0.011 0.003 0.003 0.003 0.003
