
                                       SUMMARY OF WATER BALANCE

                                                              CHANGE IN STORAGE
                               PRECIP          PLANT   ------------------------------  DEEP                     CUM.
 DAY HR  YR   PRECIP  SNOWMELT INTRCP    ET    TRANSP  CANOPY   SNOW  RESIDUE   SOIL   PERC   RUNOFF   PONDED    ET    ERROR
                 MM      MM      MM      MM      MM      MM      MM      MM      MM      MM      MM      MM      MM      MM
   1 24 2018    0.00    0.00    0.00    1.41    0.95    0.00    0.00    0.00  -16.15   14.50    0.00    0.00     1.4    0.24
   2 24 2018    0.00    0.00    0.00    1.38    1.08   -0.01    0.00    0.00   -1.88    0.52    0.00    0.00     2.8   -0.02
   3 24 2018    0.00    0.00    0.00    1.17    1.05    0.00    0.00    0.00   -1.23    0.07    0.00    0.00     4.0   -0.01
   4 24 2018    0.00    0.00    0.00    1.09    0.94    0.00    0.00    0.00   -1.07   -0.01    0.00    0.00     5.0   -0.01
   5 24 2018    0.04    0.03    0.02    0.95    0.80    0.00    0.00    0.00   -0.94    0.00    0.00    0.03     6.0   -0.01
   6 24 2018    1.04    3.32    0.03    1.55    0.97    0.02    0.00    0.00   -1.11    0.00    0.00    0.27     7.5    0.34
   7 24 2018    1.92    1.59    0.00    0.92    0.17   -0.01    1.70    0.00   -0.89    0.00    0.00    0.00     8.5    0.49
   8 24 2018    0.00    0.02    0.00    0.73    0.72    0.00   -0.01    0.00   -0.73    0.00    0.00    0.00     9.2    0.01
   9 24 2018    0.13    0.02    0.05    1.00    0.94    0.00    0.06    0.00   -0.93    0.00    0.00    0.00    10.2   -0.05
  10 24 2018    2.96    0.01    0.11    1.19    0.17    0.00    1.92    0.00   -0.22    0.00    0.00    0.00    11.4    0.00
  11 24 2018    2.08    0.00    0.06    0.92    0.00    0.00    1.45    0.00   -0.23    0.00    0.00    0.00    12.3    0.00
  12 24 2018    3.88    0.00    0.02    1.45    0.00    0.00    2.57    0.00   -0.13    0.00    0.00    0.00    13.8    0.03
  13 24 2018    0.96    0.00    0.00    0.37    0.00    0.00    0.68    0.00   -0.11    0.00    0.00    0.00    14.1    0.03
  14 24 2018    0.04    0.00    0.02    0.08    0.01   -0.01    0.07    0.00   -0.07    0.00    0.00    0.00    14.2   -0.05
  15 24 2018    0.96    0.00    0.00    0.39    0.00    0.00    0.71    0.00   -0.13    0.00    0.00    0.00    14.6    0.00
  16 24 2018    0.00    0.00    0.00    0.01    0.00    0.00    0.07    0.00   -0.41    0.00    0.00    0.00    14.6    0.33
  17 24 2018    0.00    0.00    0.00    0.01    0.01    0.01   -0.01    0.00   -0.01    0.00    0.00    0.00    14.6    0.00
  18 24 2018    0.00    0.00    0.00    0.18    0.16    0.00   -0.11    0.00   -0.07    0.00    0.00    0.00    14.8   -0.01
  19 24 2018    0.00    0.00    0.00    0.43    0.42    0.00   -0.05    0.00   -0.38    0.00    0.00    0.00    15.2    0.00
  20 24 2018    0.58    0.00    0.21    0.23    0.22    0.01    0.38    0.00   -0.24    0.00    0.00    0.00    15.5    0.00
  21 24 2018   13.42    0.00    2.81    0.81    0.00    0.00   10.06    0.00   -0.06    0.00    0.00    0.00    16.3    0.00
  22 24 2018    0.04    0.00    0.01    2.83    0.00    0.00    0.03    0.00   -0.02    0.00    0.00    0.00    19.1    0.00
  23 24 2018    0.96    0.00    0.00    0.39    0.00   -0.01    0.62    0.00   -0.03    0.00    0.00    0.00    19.5   -0.01
  24 24 2018    0.00    0.00    0.00    0.02    0.01    0.00   -0.01    0.00   -0.02    0.00    0.00    0.00    19.5    0.01
  25 24 2018    0.08    0.00    0.03    0.03    0.02    0.01    0.03    0.00   -0.01    0.00    0.00    0.00    19.5    0.00
  26 24 2018    1.92    0.00    0.00    0.75    0.00   -0.01    1.24    0.00   -0.09    0.00    0.00    0.00    20.3    0.05
  27 24 2018    0.00    0.00    0.00    0.03    0.00    0.00    0.02    0.00   -0.04    0.00    0.00    0.00    20.3   -0.01
  28 24 2018    0.00    0.00    0.00   -0.10    0.00    0.01    0.01    0.00   -0.02    0.00    0.00    0.00    20.2    0.11
  29 24 2018    0.00    0.00    0.00    0.03    0.01   -0.01   -0.01    0.00   -0.01    0.00    0.00    0.00    20.2    0.00
  30 24 2018    0.08    0.00    0.03    0.06    0.04    0.00   -0.01    0.00    0.00    0.00    0.00    0.00    20.3    0.00
  31 24 2018    2.33    0.00    0.15    0.82    0.04    0.01    1.42    0.00    0.00    0.00    0.00    0.00    21.1   -0.03
  32 24 2018    9.58    0.00    0.36    3.23    0.00    0.00    6.16    0.00   -0.02    0.00    0.00    0.00    24.4    0.00
  33 24 2018    0.13    0.00    0.04    0.46    0.01    0.00    0.06    0.00   -0.01    0.00    0.00    0.00    24.8   -0.08
  34 24 2018    3.04    0.00    0.06    1.09    0.01    0.00    1.92    0.00   -0.14    0.00    0.00    0.00    25.9    0.17
  35 24 2018    4.25    0.00    0.15    1.45    0.00    0.01    2.72    0.00   -0.22    0.00    0.00    0.00    27.4    0.20
  36 24 2018    9.58    0.00    1.29    2.31    0.00   -0.01    6.17    0.00   -0.01    0.00    0.00    0.00    29.7   -0.02
  37 24 2018    0.00    0.00    0.00    1.35    0.01   -0.01   -0.02    0.00   -0.02    0.00    0.00    0.00    31.0   -0.01
  38 24 2018    0.00    0.00    0.00   -0.01    0.01    0.01   -0.01    0.00   -0.03    0.00    0.00    0.00    31.0    0.04
  39 24 2018    0.29    0.00    0.10    0.05    0.02    0.00    0.17    0.00   -0.01    0.00    0.00    0.00    31.0   -0.01
  40 24 2018    7.25    0.00    0.77    1.94    0.02    0.00    4.64    0.00   -0.05    0.00    0.00    0.00    33.0    0.06
  41 24 2018   12.50    0.00    2.77    0.98    0.00    0.00    9.56    0.00   -0.02    0.00    0.00    0.00    34.0   -0.01
  42 24 2018    1.04    0.00    0.10    3.03    0.00    0.00    0.71    0.00   -0.02    0.00    0.00    0.00    37.0    0.00
  43 24 2018    1.92    0.00    0.17    0.60    0.00    0.01    1.26    0.00   -0.29    0.00    0.00    0.00    37.6    0.27
  44 24 2018    0.00    0.00    0.00    0.22    0.02    0.00   -0.01    0.00   -0.02    0.00    0.00    0.00    37.8   -0.02
  45 24 2018    0.00    0.00    0.00    0.04    0.03    0.00   -0.05    0.00   -0.03    0.00    0.00    0.00    37.8    0.04
  46 24 2018    0.00    0.00    0.00    0.11    0.01    0.00   -0.05    0.00   -0.02    0.00    0.00    0.00    38.0   -0.03
  47 24 2018    0.00    0.00    0.00    0.06    0.01    0.00   -0.02    0.00   -0.04    0.00    0.00    0.00    38.0    0.00
  48 24 2018    0.00    0.00    0.00    0.08    0.01    0.00   -0.05    0.00   -0.03    0.00    0.00    0.00    38.1    0.00
  49 24 2018    0.00    0.00    0.00    0.04    0.02    0.01   -0.05    0.00    0.00    0.00    0.00    0.00    38.1    0.00
  50 24 2018    0.00    0.00    0.00    0.08    0.02   -0.01   -0.04    0.00   -0.03    0.00    0.00    0.00    38.2   -0.01
  51 24 2018    0.00    0.00    0.00    0.06    0.00    0.00    0.00    0.00   -0.05    0.00    0.00    0.00    38.3    0.00
  52 24 2018    0.00    0.00    0.00    0.05    0.00    0.00    0.00    0.00   -0.04    0.00    0.00    0.00    38.3   -0.01
  53 24 2018    0.25    0.00    0.09    0.06    0.00    0.00    0.13    0.00   -0.03    0.00    0.00    0.00    38.4    0.00
  54 24 2018    5.79    0.00    0.81    1.35    0.00    0.00    3.76    0.00   -0.14    0.00    0.00    0.00    39.8    0.10
  55 24 2018    1.00    0.00    0.01    1.19    0.00    0.00    0.64    0.00   -0.03    0.00    0.00    0.00    40.9    0.00
  56 24 2018    0.96    0.00    0.00    0.40    0.00    0.00    0.60    0.00   -0.02    0.00    0.00    0.00    41.3    0.00
  57 24 2018    0.00    0.00    0.00    0.05    0.00    0.00   -0.02    0.00   -0.03    0.00    0.00    0.00    41.4    0.00
  58 24 2018    0.04    0.00    0.01    0.01    0.01    0.00    0.02    0.00    0.00    0.00    0.00    0.00    41.4    0.00
  59 24 2018    0.96    0.00    0.06    0.29    0.00    0.01    0.62    0.00   -0.45    0.00    0.00    0.00    41.7    0.44
  60 24 2018    0.00    0.00    0.00    0.06    0.01    0.00   -0.01    0.00    0.00    0.00    0.00    0.00    41.7    0.01
  61 24 2018    0.00    0.00    0.00    0.11    0.05    0.00   -0.08    0.00    0.02    0.00    0.00    0.00    41.9   -0.05
  62 24 2018    0.00    0.06    0.00    0.26    0.24    0.00   -0.15    0.00   -0.10    0.00    0.00    0.00    42.1   -0.01
  63 24 2018    0.00    0.57    0.00    0.55    0.46    0.00   -0.69    0.00    0.16    0.00    0.00    0.00    42.7   -0.01
  64 24 2018    0.08    0.00    0.03    0.14    0.00    0.00   -0.03    0.00   -0.06    0.00    0.00    0.00    42.8    0.00
  65 24 2018    1.92    0.00    0.00    0.85    0.00    0.00    1.15    0.00   -0.59    0.00    0.00    0.00    43.7    0.54
  66 24 2018    0.00    0.00    0.00    0.04    0.01    0.00   -0.01    0.00   -0.02    0.00    0.00    0.00    43.7   -0.01
  67 24 2018    0.17    0.00    0.06    0.01    0.02    0.01    0.08    0.00    0.00    0.00    0.00    0.00    43.7    0.01
  68 24 2018    3.88    0.00    0.18    1.31    0.03    0.01    2.45    0.00   -0.18    0.00    0.00    0.00    45.0    0.17
  69 24 2018    0.96    0.00    0.00    0.55    0.00   -0.01    0.62    0.00   -0.06    0.00    0.00    0.00    45.6    0.04
  70 24 2018    0.00    0.00    0.00    0.02    0.02    0.00   -0.01    0.00   -0.02    0.00    0.00    0.00    45.6    0.01
  71 24 2018    0.00    0.22    0.00    0.11    0.08    0.00   -0.29    0.00    0.19    0.00    0.00    0.00    45.7   -0.01
  72 24 2018    0.00    1.85    0.00    0.48    0.45    0.00   -1.91    0.00    1.45    0.00    0.00    0.00    46.2   -0.02
  73 24 2018    0.08    9.29    0.03    1.47    1.46    0.00   -9.28    0.00    3.81    0.00    0.00    4.06    47.7    0.00
  74 24 2018    1.92    0.98    0.00    1.52    0.72    0.00    0.17    0.00    9.37    1.30    0.00    0.00    49.2   -6.36
  75 24 2018    0.00    0.55    0.00    1.56    1.20   -0.01   -0.88    0.00   -2.47    1.82    0.00    0.00    50.7   -0.02
  76 24 2018    0.21    8.76    0.08    1.59    1.53    0.00   -8.68    0.00    0.85    1.31    0.00    5.17    52.3   -0.13
  77 24 2018    4.79    0.00    0.35    1.81    0.31    0.00    3.04    0.00   -0.29    2.55    0.00    2.62    54.1   -0.04
  78 24 2018    0.04    0.00    0.01    0.80    0.36    0.00   -0.05    0.00   -1.44    2.41    0.00    1.26    54.9    0.01
  79 24 2018    0.96    0.00    0.00    0.51    0.02    0.00    0.50    0.00   -0.84    1.62    0.00    0.45    55.5    0.00
  80 24 2018    0.04    0.10    0.01    0.99    0.98    0.01   -0.10    0.00   -1.35    0.94    0.00    0.00    56.4   -0.01
  81 24 2018    1.21    5.45    0.09    2.08    1.72    0.01   -4.70    0.00    0.23    0.49    0.00    3.00    58.5    0.01
  82 24 2018    5.75    9.47    0.11    3.14    0.92    0.00   -5.91    0.00    1.92    0.82    0.00    8.84    61.7   -0.07
  83 24 2018    0.04   10.61    0.02    2.04    1.87   -0.01  -10.61    0.00    0.34    2.46    0.00   14.73    63.7    0.03
  84 24 2018    1.38    7.32    0.23    1.82    1.51    0.01   -6.45    0.00    0.11    3.50    0.00   16.87    65.5    0.03
  85 24 2018    9.67    6.73    1.41    2.68    0.31   -0.01   -0.56    0.00   -0.10    3.74    1.09   18.61    68.2   -0.09
  86 24 2018    2.21    0.00    0.11    2.15    0.00   -0.01    1.41    0.00   -0.26    2.88    0.00   16.01    70.3   -0.06
  87 24 2018    6.79    0.00    0.75    1.90    0.09    0.01    4.34    0.00   -1.05    2.36    0.00   14.54    72.2    0.07
  88 24 2018    1.92    0.00    0.00    1.55    0.09    0.00    1.24    0.00   -0.84    1.75    0.00   13.50    73.8    0.00
  89 24 2018    0.00    0.59    0.00    1.41    1.39    0.00   -0.63    0.00   -0.76    1.33    0.00   12.15    75.2   -0.02
  90 24 2018    0.29    2.06    0.11    1.92    1.90    0.00   -1.90    0.00    0.33    1.18    0.00   10.85    77.1   -0.03
  91 24 2018    6.83    4.27    0.05    4.47    1.91   -0.01    0.06    0.00    0.96    1.47    0.00   10.79    81.6   -0.01
  92 24 2018    2.88   11.46    0.00    4.52    3.34    0.01   -9.64    0.00    0.08    2.47    0.00   16.32    86.1   -0.05
  93 24 2018    0.00    4.47    0.00    2.27    1.41   -0.01   -5.14    0.00   -0.97    1.70    0.00   18.49    88.4   -0.02
  94 24 2018    0.00    9.04    0.00    2.85    2.60    0.01   -9.00    0.00    0.00    0.16    5.45   19.00    91.2    0.02
  95 24 2018    0.67    0.42    0.24    2.09    1.85    0.01    0.00    0.00    7.63    9.27    0.00    0.42    93.3   -0.01
  96 24 2018   15.58    0.00    2.95    0.47    0.00    0.00   13.04    0.00    3.89   -2.69    0.00    0.00    93.8   -1.41
  97 24 2018    6.21    2.14    2.14    2.22    0.00    0.01    2.61    0.00    0.18    0.38    0.00    1.63    96.0   -0.01
  98 24 2018   10.67    2.37    1.60    4.08    0.00   -0.02    4.80    0.00   -0.03    1.15    0.00    2.85   100.1    0.00
  99 24 2018    2.88    2.95    0.00    3.81    1.18    0.00   -1.08    0.00   -0.57    1.16    0.00    4.02   103.9   -0.02
 100 24 2018    0.00    4.91    0.00    2.87    2.85    0.00   -4.92    0.00   -1.29    0.85    0.00    6.53   106.8   -0.02
 101 24 2018    0.04    8.98    0.02    4.36    4.32    0.00   -8.96    0.00   -0.35   -0.05    0.00   11.58   111.1   -0.03
 102 24 2018    0.96    3.49    0.00    4.75    3.97    0.01   -5.48    0.00    4.86    6.28    0.00    2.25   115.9   -0.10
 103 24 2018    0.04    0.16    0.02    1.23    0.19   -0.01    0.00    0.00    1.66   -2.99    0.00    1.72   117.1    0.67
 104 24 2018    1.00    4.59    0.02    2.78    1.58    0.01    0.00    0.00   -0.19    0.00    0.00    0.27   119.9   -0.15
 105 24 2018    0.96    3.48    0.00    3.26    2.49    0.00    0.00    0.00   -2.24    0.04    0.00    0.13   123.2    0.05
 106 24 2018    0.13    0.00    0.05    3.61    2.99   -0.01    0.00    0.00   -4.87   -0.02    0.00    0.00   126.8    1.50
 107 24 2018    2.88    1.83    0.00    3.13    1.39    0.00    0.87    0.00   13.46   -0.40    0.00    0.00   129.9  -14.14
 108 24 2018    0.00    0.62    0.00    2.52    2.18    0.00   -0.87    0.00    0.56   -2.17    0.00    0.00   132.4   -0.05
 109 24 2018    0.25    0.16    0.09    2.84    2.39    0.01    0.00    0.00   -2.86    0.02    0.00    0.16   135.3   -0.01
 110 24 2018    5.96    1.83    0.94    1.34    0.03    0.00    3.05    0.00   -0.25    0.44    0.00    0.67   136.6    0.02
 111 24 2018    4.79    0.00    0.46    2.21    0.00    0.01    3.20    0.00   -0.23    0.54    0.00    0.21   138.8    0.01
 112 24 2018    0.04    4.32    0.02    2.43    1.95    0.00   -4.25    0.00   -0.31    0.07    0.00    2.75   141.2    0.01
 113 24 2018    1.50    2.84    0.26    3.97    3.50    0.00   -2.01    0.00   -1.55    0.43    0.00    3.05   145.2    0.10
 114 24 2018   12.46    0.00    2.94    0.33    0.00   -0.01   10.07    0.00   -0.25    2.67    0.00    0.00   145.5    0.01
 115 24 2018    0.00    3.68    0.00    4.39    1.44    0.00   -3.63    0.00   -0.58    0.14    0.00    2.59   149.9    0.03
 116 24 2018    0.00    4.48    0.00    1.90    1.88    0.00   -4.38    0.00   -0.23   -0.04    0.00    5.35   151.8   -0.02
 117 24 2018    0.00    1.09    0.00    3.23    2.98    0.00   -2.07    0.00   -1.09    0.08    0.00    5.38   155.1   -0.18
 118 24 2018    0.00    0.00    0.00    3.24    2.87    0.01    0.00    0.00   -1.15    5.04    0.00    0.00   158.3   -1.75
 119 24 2018    0.00    0.00    0.00    4.12    3.50   -0.01    0.00    0.00   -4.12    0.05    0.00    0.00   162.4   -0.05
 120 24 2018    0.08    0.05    0.03    4.36    3.48    0.01    0.00    0.00   -4.38    0.05    0.00    0.00   166.8    0.02
 121 24 2018    2.75    2.71    0.49    1.51    0.82    0.00    0.80    0.00    1.63    0.05    0.00    0.00   168.3   -1.68
 122 24 2018   20.21    0.18    2.96    0.14    0.00    0.00   17.46    0.00    2.32    0.04    0.00    0.00   168.4   -2.21
 123 24 2018   23.96    2.94    2.90    0.29    0.00    0.00   20.79    0.00    2.91    0.03    0.00    0.00   168.7    0.00
 124 24 2018    0.00    4.29    0.00    3.65    0.73    0.00   -4.32    0.00    1.41    2.13    0.00    0.00   172.4    0.03
 125 24 2018    0.00   10.20    0.00    3.72    3.70    0.00  -10.22    0.00    0.47    6.00    0.00    0.06   176.1   -0.03
 126 24 2018    0.00   10.50    0.00    2.82    2.80    0.00  -10.48    0.00    0.94    6.35    0.00    0.46   178.9   -0.03
 127 24 2018    0.00   13.40    0.00    3.65    3.61    0.00  -13.28    0.00    0.22    9.91    0.00    0.00   182.6   -0.03
 128 24 2018    0.00    0.03    0.00    5.06    4.20    0.00   -0.74    0.00   -4.45    0.15    0.00    0.00   187.6   -0.02
 129 24 2018    0.00    0.00    0.00    4.38    3.74    0.00    0.00    0.00   -1.57    0.05    0.00    0.00   192.0   -2.87
 130 24 2018    0.04    0.00    0.02    5.34    4.28    0.01    0.00    0.00   -5.40    0.05    0.00    0.00   197.3    0.02
 131 24 2018    1.04    0.05    0.12    2.66    1.99    0.00    0.00    0.00   -1.78    0.05    0.00    0.00   200.0    0.00
 132 24 2018    2.38    0.05    0.42    1.76    0.64    0.00    0.00    0.00    0.27    0.06    0.00    0.00   201.8   -0.02
 133 24 2018   10.58    1.65    2.55    1.93    0.00   -0.01    0.00    0.00    7.31    0.73    0.00    0.03   203.7   -1.53
 134 24 2018    0.96    0.29    1.53    1.47    0.00    0.00    0.00    0.00   -0.20    0.73    0.00    0.03   205.2   -0.02
 135 24 2018    0.00    0.00    0.00    2.92    1.01    0.00    0.00    0.00   -2.31    0.29    0.00    0.00   208.1    0.65
 136 24 2018    0.00    0.00    0.00    4.16    3.62    0.00    0.00    0.00   -2.00    0.20    0.00    0.00   212.3   -2.36
 137 24 2018    0.04    0.00    0.02    4.15    3.68   -0.01    0.00    0.00   -3.54    0.18    0.00    0.00   216.4   -0.74
 138 24 2018    1.63    0.74    0.26    1.46    1.07    0.02    0.00    0.00   -0.75    0.18    0.00    0.45   217.9    0.02
 139 24 2018   15.42    1.71    2.99    0.47    0.00    0.00    5.89    0.00   10.81    2.75    0.00    0.00   218.3   -6.77
 140 24 2018    1.92    6.22    1.79    1.65    0.00    0.00   -4.67    0.00    1.30    4.83    0.00    0.00   220.0    0.01
 141 24 2018    0.04    0.65    0.02    4.31    2.01    0.00   -1.22    0.00   -2.70    1.44    0.00    0.03   224.3   -0.04
 142 24 2018    0.96    0.53    0.00    3.11    2.39    0.01    0.00    0.00   -2.42    0.30    0.00    0.00   227.4    0.00
 143 24 2018    0.00    0.00    0.00    2.54    2.19    0.00    0.00    0.00   -2.59    0.21    0.00    0.00   230.0   -0.17
 144 24 2018    0.00    0.00    0.00    4.90    3.93   -0.01    0.00    0.00   -5.06    0.17    0.00    0.00   234.9    0.00
 145 24 2018    0.00    0.00    0.00    4.91    4.00    0.02    0.00    0.00   -5.13    0.08    0.00    0.00   239.8    0.11
 146 24 2018    0.00    0.00    0.00    4.90    3.93   -0.03    0.00    0.00   -4.85    0.04    0.00    0.00   244.7   -0.06
 147 24 2018    0.04    0.00    0.02    3.97    2.99    0.02    0.00    0.00   -4.00    0.02    0.00    0.00   248.6    0.00
 148 24 2018    0.96    0.00    0.01    2.08    1.27   -0.01    0.00    0.00   -1.17    0.03    0.00    0.00   250.7    0.04
 149 24 2018    0.00    0.00    0.00    2.91    2.14    0.00    0.00    0.00   -2.91    0.02    0.00    0.00   253.6   -0.01
 150 24 2018    0.00    0.00    0.00    5.04    3.50    0.00    0.00    0.00   -5.05    0.00    0.00    0.00   258.7    0.01
 151 24 2018    0.00    0.00    0.00    5.22    3.72   -0.01    0.00    0.00   -5.20    0.00    0.00    0.00   263.9   -0.01
 152 24 2018    0.00    0.00    0.00    4.26    1.32   -0.01    0.00    0.00   -4.24    0.00    0.00    0.00   268.1   -0.02
 153 24 2018    0.00    0.00    0.00    2.28    0.12    0.02    0.00    0.00   -2.32    0.00    0.00    0.00   270.4    0.02
 154 24 2018    0.00    0.00    0.00    1.29    0.00   -0.01    0.00    0.00   -1.28    0.00    0.00    0.00   271.7    0.00
 155 24 2018    0.00    0.00    0.00    1.82    0.00    0.00    0.00    0.00   -1.81    0.00    0.00    0.00   273.5    0.00
 156 24 2018    0.00    0.00    0.00    0.78    0.00    0.00    0.00    0.00   -0.79    0.00    0.00    0.00   274.3    0.01
 157 24 2018    0.00    0.00    0.00    0.44    0.00    0.01    0.00    0.00   -0.47    0.00    0.00    0.00   274.8    0.02
 158 24 2018    0.00    0.00    0.00    0.41    0.00   -0.02    0.00    0.00   -0.39    0.00    0.00    0.00   275.2    0.00
 159 24 2018    0.00    0.00    0.00    0.29    0.00    0.01    0.00    0.00   -0.28    0.00    0.00    0.00   275.5   -0.01
 160 24 2018    0.00    0.00    0.00    0.24    0.00    0.00    0.00    0.00   -0.24    0.00    0.00    0.00   275.7    0.00
 161 24 2018    0.00    0.00    0.00    0.19    0.00    0.01    0.00    0.00   -0.21    0.00    0.00    0.00   275.9    0.02
 162 24 2018    0.00    0.00    0.00    0.21    0.00   -0.01    0.00    0.00   -0.19    0.00    0.00    0.00   276.1   -0.01
 163 24 2018    0.00    0.00    0.00    0.05    0.00    0.02    0.00    0.00   -0.09    0.00    0.00    0.00   276.1    0.02
 164 24 2018    0.00    0.00    0.00    0.09    0.00   -0.01    0.00    0.00   -0.08    0.00    0.00    0.00   276.2    0.00
 165 24 2018    0.04    0.00    0.02    0.12    0.00   -0.01    0.00    0.00   -0.08    0.00    0.00    0.00   276.4   -0.01
 166 24 2018    1.04    0.00    0.03    0.73    0.00    0.04    0.00    0.00    0.27    0.00    0.00    0.00   277.1   -0.01
 167 24 2018    3.08    0.00    0.49    1.01    0.00    0.01    0.00    0.00    1.57    0.00    0.00    0.00   278.1    0.03
 168 24 2018   26.83    0.00    2.99    0.92    0.00   -0.01    0.00    0.00   23.22    0.20    0.00    0.00   279.0    0.00
 169 24 2018    0.13    0.00    0.05    4.13    0.12    0.01    0.00    0.00   -1.52    0.47    0.00    0.00   283.2   -0.03
 170 24 2018    2.88    0.00    0.23    2.07    0.62    0.00    0.00    0.00    0.22    0.39    0.00    0.00   285.2    0.01
 171 24 2018    0.00    0.00    0.00    2.78    1.88    0.00    0.00    0.00   -2.72    0.18    0.00    0.00   288.0   -0.01
 172 24 2018    0.00    0.00    0.00    5.24    3.73    0.01    0.00    0.00   -5.28    0.01    0.00    0.00   293.2    0.01
 173 24 2018    0.00    0.00    0.00    6.18    3.75   -0.02    0.00    0.00   -6.17    0.00    0.00    0.00   299.4    0.00
 174 24 2018    0.17    0.00    0.06    2.31    0.72    0.00    0.00    0.00   -2.23    0.00    0.00    0.00   301.7    0.03
 175 24 2018    3.83    0.00    0.00    2.36    0.00    0.00    0.00    0.00    1.53    0.00    0.00    0.00   304.1    0.00
 176 24 2018    0.00    0.00    0.00    2.54    0.44   -0.01    0.00    0.00   -2.56    0.00    0.00    0.00   306.6    0.02
 177 24 2018    0.00    0.00    0.00    2.75    0.02   -0.01    0.00    0.00   -2.74    0.00    0.00    0.00   309.4    0.01
 178 24 2018    0.00    0.00    0.00    1.11    0.00    0.00    0.00    0.00   -1.13    0.00    0.00    0.00   310.5    0.01
 179 24 2018    0.00    0.00    0.00    0.70    0.00   -0.01    0.00    0.00   -0.68    0.00    0.00    0.00   311.2   -0.01
 180 24 2018    0.04    0.00    0.02    0.39    0.00    0.03    0.00    0.00   -0.41    0.00    0.00    0.00   311.6    0.00
 181 24 2018    0.96    0.00    0.00    0.70    0.00    0.00    0.00    0.00    0.25    0.00    0.00    0.00   312.3    0.02
 182 24 2018    0.00    0.00    0.00    0.56    0.00   -0.01    0.00    0.00   -0.52    0.00    0.00    0.00   312.8   -0.03
 183 24 2018    0.00    0.00    0.00    0.39    0.00   -0.01    0.00    0.00   -0.36    0.00    0.00    0.00   313.2   -0.01
 184 24 2018    0.00    0.00    0.00    0.18    0.00    0.00    0.00    0.00   -0.20    0.00    0.00    0.00   313.4    0.02
 185 24 2018    0.00    0.00    0.00    0.05    0.00    0.03    0.00    0.00   -0.11    0.00    0.00    0.00   313.5    0.02
 186 24 2018    0.00    0.00    0.00   -0.03    0.00    0.00    0.00    0.00    0.00    0.00    0.00    0.00   313.4    0.03
 187 24 2018    0.29    0.00    0.11    0.13    0.00   -0.01    0.00    0.00    0.06    0.00    0.00    0.00   313.6    0.01
 188 24 2018    6.71    0.00    0.44    2.95    0.00    0.02    0.00    0.00    3.40    0.00    0.00    0.00   316.5    0.00
 189 24 2018    0.00    0.00    0.00    1.93    0.00    0.00    0.00    0.00   -1.52    0.00    0.00    0.00   318.4    0.02
 190 24 2018    0.00    0.00    0.00    1.19    0.00   -0.03    0.00    0.00   -1.18    0.00    0.00    0.00   319.6    0.01
 191 24 2018    0.00    0.00    0.00    0.56    0.00   -0.02    0.00    0.00   -0.58    0.00    0.00    0.00   320.2    0.04
 192 24 2018    0.08    0.00    0.03    0.28    0.00    0.02    0.00    0.00   -0.29    0.00    0.00    0.00   320.5    0.04
 193 24 2018    2.00    0.00    0.03    1.03    0.00    0.02    0.00    0.00    0.93    0.00    0.00    0.00   321.5    0.02
 194 24 2018    1.92    0.00    0.00    1.64    0.00   -0.01    0.00    0.00    0.28    0.00    0.00    0.00   323.1    0.03
 195 24 2018    0.50    0.00    0.18    0.75    0.00    0.00    0.00    0.00   -0.46    0.00    0.00    0.00   323.9    0.02
 196 24 2018   11.58    0.00    3.00    1.43    0.00    0.00    0.00    0.00    7.32    0.00    0.00    0.00   325.3    0.01
 197 24 2018    1.92    0.00    0.08    4.46    0.00    0.01    0.00    0.00    0.38    0.00    0.00    0.00   329.8   -0.02
 198 24 2018    0.00    0.00    0.00    2.22    0.66   -0.02    0.00    0.00   -2.11    0.00    0.00    0.00   332.0   -0.01
 199 24 2018    0.00    0.00    0.00    1.95    0.04    0.01    0.00    0.00   -1.98    0.00    0.00    0.00   334.0    0.01
 200 24 2018    0.00    0.00    0.00    2.07    0.00   -0.01    0.00    0.00   -2.07    0.00    0.00    0.00   336.0    0.00
 201 24 2018    0.04    0.00    0.02    0.79    0.00    0.00    0.00    0.00   -0.76    0.00    0.00    0.00   336.8    0.00
 202 24 2018    1.58    0.00    0.23    1.08    0.00    0.02    0.00    0.00    0.28    0.00    0.00    0.00   337.9   -0.01
 203 24 2018   14.88    0.00    2.10    4.19    0.08    0.02    0.00    0.00    8.79    0.00    0.00    0.00   342.1    0.01
 204 24 2018   11.50    0.00    3.00    1.67    0.00   -0.01    0.00    0.00    9.04    0.04    0.00    0.00   343.8   -0.14
 205 24 2018    0.13    0.00    0.05    4.43    0.60    0.00    0.00    0.00   -1.39    0.07    0.00    0.00   348.2   -0.03
 206 24 2018    2.96    0.00    0.26    3.95    2.04    0.00    0.00    0.00   -1.23    0.02    0.00    0.00   352.1    0.01
 207 24 2018    1.96    0.00    0.09    3.81    2.03    0.00    0.00    0.00   -1.72    0.01    0.00    0.00   355.9    0.02
 208 24 2018    0.96    0.00    0.00    3.54    1.82   -0.01    0.00    0.00   -2.48    0.00    0.00    0.00   359.5    0.00
 209 24 2018    0.00    0.00    0.00    3.13    2.24    0.01    0.00    0.00   -3.15    0.00    0.00    0.00   362.6    0.01
 210 24 2018    0.00    0.00    0.00    2.79    0.71   -0.01    0.00    0.00   -2.78    0.00    0.00    0.00   365.4   -0.01
 211 24 2018    0.00    0.00    0.00    1.28    0.04   -0.02    0.00    0.00   -1.24    0.00    0.00    0.00   366.7   -0.03
 212 24 2018    0.00    0.00    0.00    1.56    0.01    0.02    0.00    0.00   -1.60    0.00    0.00    0.00   368.2    0.02
 213 24 2018    0.00    0.00    0.00    0.82    0.00    0.00    0.00    0.00   -0.85    0.00    0.00    0.00   369.1    0.03
 214 24 2018    0.13    0.00    0.05    1.07    0.00   -0.01    0.00    0.00   -1.01    0.00    0.00    0.00   370.1    0.04
 215 24 2018    2.88    0.00    0.00    1.75    0.00    0.00    0.00    0.00    1.17    0.00    0.00    0.00   371.9    0.00
 216 24 2018    0.08    0.00    0.03    1.28    0.00    0.01    0.00    0.00   -1.29    0.00    0.00    0.00   373.2    0.05
 217 24 2018    1.92    0.00    0.08    1.70    0.00    0.01    0.00    0.00    0.13    0.00    0.00    0.00   374.9    0.02
 218 24 2018    0.00    0.00    0.00    0.82    0.00   -0.01    0.00    0.00   -0.71    0.00    0.00    0.00   375.7   -0.03
 219 24 2018    0.04    0.00    0.02    0.50    0.00   -0.01    0.00    0.00   -0.45    0.00    0.00    0.00   376.2   -0.02
 220 24 2018    0.96    0.00    0.00    0.92    0.00    0.00    0.00    0.00    0.06    0.00    0.00    0.00   377.1   -0.01
 221 24 2018    0.00    0.00    0.00    0.43    0.00    0.01    0.00    0.00   -0.49    0.00    0.00    0.00   377.5    0.05
 222 24 2018    0.00    0.00    0.00    0.33    0.00    0.00    0.00    0.00   -0.34    0.00    0.00    0.00   377.9    0.01
 223 24 2018    0.00    0.00    0.00    0.27    0.00   -0.02    0.00    0.00   -0.28    0.00    0.00    0.00   378.1    0.01
 224 24 2018    0.00    0.00    0.00    0.24    0.00   -0.01    0.00    0.00   -0.20    0.00    0.00    0.00   378.4   -0.03
 225 24 2018    0.00    0.00    0.00    0.13    0.00    0.01    0.00    0.00   -0.16    0.00    0.00    0.00   378.5    0.02
 226 24 2018    0.00    0.00    0.00   -0.15    0.00    0.02    0.00    0.00    0.15    0.00    0.00    0.00   378.4   -0.02
 227 24 2018    0.00    0.00    0.00    0.23    0.00   -0.02    0.00    0.00   -0.21    0.00    0.00    0.00   378.6    0.00
 228 24 2018    0.00    0.00    0.00    0.10    0.00    0.01    0.00    0.00   -0.13    0.00    0.00    0.00   378.7    0.02
 229 24 2018    0.04    0.00    0.02    0.02    0.00    0.00    0.00    0.00   -0.04    0.00    0.00    0.00   378.7    0.03
 230 24 2018    0.96    0.00    0.00    0.57    0.00    0.00    0.00    0.00    0.40    0.00    0.00    0.00   379.3    0.00
 231 24 2018    0.00    0.00    0.00    0.27    0.00   -0.01    0.00    0.00   -0.22    0.00    0.00    0.00   379.5   -0.04
 232 24 2018    0.17    0.00    0.06    0.17    0.00    0.00    0.00    0.00   -0.04    0.00    0.00    0.00   379.7   -0.03
 233 24 2018    3.83    0.00    0.02    1.70    0.00    0.01    0.00    0.00    2.15    0.00    0.00    0.00   381.4    0.01
 234 24 2018    0.00    0.00    0.00    0.84    0.00    0.01    0.00    0.00   -0.81    0.00    0.00    0.00   382.3   -0.02
 235 24 2018    0.00    0.00    0.00    0.80    0.00   -0.02    0.00    0.00   -0.75    0.00    0.00    0.00   383.1   -0.03
 236 24 2018    0.04    0.00    0.02    0.42    0.00    0.00    0.00    0.00   -0.39    0.00    0.00    0.00   383.5    0.00
 237 24 2018    0.96    0.00    0.00    0.84    0.00    0.00    0.00    0.00    0.14    0.00    0.00    0.00   384.3   -0.01
 238 24 2018    0.17    0.00    0.06    0.40    0.00    0.00    0.00    0.00   -0.28    0.00    0.00    0.00   384.7   -0.02
 239 24 2018    3.83    0.11    0.00    2.81    0.00    0.01    0.00    0.00    1.07    0.00    0.00    0.00   387.5    0.00
 240 24 2018    0.00    0.00    0.00    0.62    0.00    0.00    0.00    0.00   -0.63    0.00    0.00    0.00   388.1    0.01
 241 24 2018    0.00    0.00    0.00    0.53    0.00   -0.02    0.00    0.00   -0.50    0.00    0.00    0.00   388.7    0.00
 242 24 2018    0.00    0.00    0.00    0.29    0.00    0.00    0.00    0.00   -0.28    0.00    0.00    0.00   389.0    0.00
 243 24 2018    0.00    0.00    0.00    0.14    0.00    0.00    0.00    0.00   -0.16    0.00    0.00    0.00   389.1    0.02
 244 24 2018    0.00    0.00    0.00   -0.03    0.00    0.04    0.00    0.00   -0.04    0.00    0.00    0.00   389.1    0.02
 245 24 2018    0.00    0.00    0.00    0.13    0.00   -0.01    0.00    0.00   -0.12    0.00    0.00    0.00   389.2    0.00
 246 24 2018    0.00    0.00    0.00    0.08    0.00   -0.02    0.00    0.00   -0.04    0.00    0.00    0.00   389.3   -0.02
 247 24 2018    0.25    0.00    0.09    0.01    0.00    0.04    0.00    0.00    0.09    0.00    0.00    0.00   389.3    0.02
 248 24 2018    5.79    0.00    0.63    1.99    0.00   -0.02    0.00    0.00    3.27    0.00    0.00    0.00   391.3    0.01
 249 24 2018    1.00    0.05    0.02    1.30    0.00   -0.01    0.00    0.00    0.30    0.00    0.00    0.00   392.6    0.00
 250 24 2018    1.00    0.16    0.04    0.95    0.00    0.01    0.00    0.00   -0.01    0.00    0.00    0.00   393.5    0.03
 251 24 2018    0.96    0.05    0.00    1.68    0.00    0.00    0.00    0.00   -0.68    0.00    0.00    0.00   395.2   -0.01
 252 24 2018    0.00    0.00    0.00    1.12    0.00   -0.01    0.00    0.00   -1.13    0.00    0.00    0.00   396.3    0.02
 253 24 2018    0.00    0.00    0.00    0.67    0.00   -0.03    0.00    0.00   -0.66    0.00    0.00    0.00   397.0    0.02
 254 24 2018    0.00    0.00    0.00    0.39    0.00    0.01    0.00    0.00   -0.40    0.00    0.00    0.00   397.4    0.00
 255 24 2018    0.00    0.00    0.00    0.31    0.00    0.00    0.00    0.00   -0.31    0.00    0.00    0.00   397.7    0.00
 256 24 2018    0.00    0.00    0.00    0.24    0.00    0.00    0.00    0.00   -0.24    0.00    0.00    0.00   397.9    0.00
 257 24 2018    0.00    0.00    0.00    0.12    0.00    0.02    0.00    0.00   -0.16    0.00    0.00    0.00   398.1    0.01
 258 24 2018    0.00    0.00    0.00    0.10    0.00   -0.01    0.00    0.00   -0.11    0.00    0.00    0.00   398.2    0.02
 259 24 2018    0.00    0.00    0.00    0.08    0.00    0.00    0.00    0.00   -0.07    0.00    0.00    0.00   398.2   -0.01
 260 24 2018    0.00    0.00    0.00    0.04    0.00    0.00    0.00    0.00   -0.06    0.00    0.00    0.00   398.3    0.01
 261 24 2018    0.08    0.00    0.03    0.03    0.00    0.00    0.00    0.00    0.00    0.00    0.00    0.00   398.3    0.02
 262 24 2018    1.92    0.00    0.00    1.13    0.00    0.01    0.00    0.00    0.81    0.00    0.00    0.00   399.5   -0.01
 263 24 2018    0.00    0.00    0.00    0.38    0.00   -0.01    0.00    0.00   -0.37    0.00    0.00    0.00   399.8    0.00
 264 24 2018    0.00    0.00    0.00    0.18    0.00   -0.01    0.00    0.00   -0.16    0.00    0.00    0.00   400.0   -0.01
 265 24 2018    0.00    0.00    0.00    0.23    0.00    0.00    0.00    0.00   -0.22    0.00    0.00    0.00   400.2    0.00
 266 24 2018    0.13    0.08    0.05    0.13    0.00    0.00    0.00    0.00   -0.03    0.00    0.00    0.00   400.4   -0.02
 267 24 2018    2.88    0.64    0.00    1.66    0.00    0.00    0.00    0.00    1.25    0.00    0.00    0.00   402.0    0.01
 268 24 2018    0.00    0.00    0.00    0.42    0.00    0.03    0.00    0.00   -0.49    0.00    0.00    0.00   402.5    0.04
 269 24 2018    0.00    0.00    0.00    0.43    0.00   -0.04    0.00    0.00   -0.39    0.00    0.00    0.00   402.9   -0.01
 270 24 2018    0.00    0.00    0.00    0.23    0.00    0.00    0.00    0.00   -0.23    0.00    0.00    0.00   403.1    0.00
 271 24 2018    0.00    0.00    0.00    0.14    0.00    0.00    0.00    0.00   -0.14    0.00    0.00    0.00   403.3    0.00
 272 24 2018    0.00    0.00    0.00    0.13    0.00    0.01    0.00    0.00   -0.14    0.00    0.00    0.00   403.4    0.00
 273 24 2018    0.00    0.00    0.00    0.12    0.00    0.00    0.00    0.00   -0.13    0.00    0.00    0.00   403.5    0.01
 274 24 2018    0.00    0.00    0.00   -0.13    0.00    0.02    0.00    0.00    0.09    0.00    0.00    0.00   403.4    0.01
 275 24 2018    0.00    0.00    0.00   -0.10    0.00    0.01    0.00    0.00    0.08    0.00    0.00    0.00   403.3    0.01
 276 24 2018    0.13    0.00    0.05    0.07    0.00   -0.01    0.00    0.00    0.05    0.00    0.00    0.00   403.3   -0.03
 277 24 2018    2.92    0.00    0.02    1.57    0.00   -0.01    0.00    0.00    1.39    0.00    0.00    0.00   404.9    0.00
 278 24 2018    1.04    0.21    0.18    0.83    0.00    0.00    0.00    0.00    0.05    0.00    0.00    0.00   405.7   -0.02
 279 24 2018    1.96    2.43    0.25    0.75    0.00    0.00    0.00    0.00    1.14    0.00    0.00    0.00   406.5    0.01
 280 24 2018    1.17    1.27    0.19    0.81    0.00   -0.01    0.00    0.00    0.27    0.00    0.00    0.16   407.3    0.00
 281 24 2018    4.96    0.72    1.57    0.41    0.00   -0.01    3.39    0.00   -0.09    0.00    0.00    0.00   407.7    0.03
 282 24 2018    4.15    0.00    2.84    0.21    0.00    0.00    2.71    0.00   -0.07    0.00    0.00    0.00   407.9    0.01
 283 24 2018    7.33    0.00    2.96    0.30    0.00    0.00    6.77    0.00    0.13    0.00    0.00    0.00   408.2    0.01
 284 24 2018    3.35    4.35    1.51    2.30    0.00    0.00   -2.01    0.00    4.50    0.00    0.00    0.00   410.5    0.01
 285 24 2018    0.21    3.19    0.08    2.79    1.19   -0.02   -2.93    0.00    1.83    0.00    0.00    0.00   413.3   -0.02
 286 24 2018    5.21    5.01    0.53    2.91    1.45    0.01   -1.55    0.00    3.43    0.00    0.00    0.00   416.2   -0.05
 287 24 2018    9.58    0.35    2.83    1.04    0.00    0.01    5.87    0.00    0.36    0.00    0.00    0.00   417.3    0.00
 288 24 2018    0.04    0.16    1.20    1.67    0.00    0.00   -0.11    0.00    0.11    0.00    0.00    0.00   418.9    0.00
 289 24 2018    0.96    2.16    0.07    1.92    0.42   -0.01   -1.40    0.00    1.58    0.00    0.00    0.00   420.8    0.00
 290 24 2018    0.00    2.44    0.00    1.14    1.10    0.03   -2.32    0.00    1.21    0.01    0.00    0.00   422.0    0.01
 291 24 2018    0.00    2.03    0.00    1.13    1.06   -0.01   -1.99    0.00    0.93    0.01    0.00    0.00   423.1   -0.08
 292 24 2018    0.00    3.93    0.00    1.55    1.50    0.01   -3.81    0.00    2.88    0.04    0.00    0.00   424.7   -0.67
 293 24 2018    0.00    2.78    0.00    1.74    1.50   -0.04   -2.62    0.00    0.87    0.06    0.00    0.00   426.4   -0.01
 294 24 2018    0.00    0.00    0.00    2.71    1.83    0.02    0.00    0.00   -2.75    0.01    0.00    0.00   429.1    0.02
 295 24 2018    0.00    0.00    0.00    1.57    1.29    0.01    0.00    0.00   -1.60    0.01    0.00    0.00   430.7    0.02
 296 24 2018    0.00    0.00    0.00    1.44    1.24    0.02    0.00    0.00   -1.48    0.00    0.00    0.00   432.1    0.02
 297 24 2018    0.00    0.00    0.00    1.93    1.36   -0.03    0.00    0.00   -1.89    0.00    0.00    0.00   434.0   -0.01
 298 24 2018    0.00    0.00    0.00    1.63    1.12    0.01    0.00    0.00   -1.59    0.00    0.00    0.00   435.7   -0.05
 299 24 2018    0.00    0.00    0.00    1.33    0.56    0.00    0.00    0.00   -1.32    0.00    0.00    0.00   437.0   -0.01
 300 24 2018    0.00    0.00    0.00    1.02    0.35    0.00    0.00    0.00   -1.04    0.00    0.00    0.00   438.0    0.02
 301 24 2018    0.00    0.00    0.00    0.86    0.14   -0.02    0.00    0.00   -0.84    0.00    0.00    0.00   438.9   -0.01
 302 24 2018    0.50    0.00    0.18    0.92    0.08    0.03    0.00    0.00   -0.64    0.00    0.00    0.00   439.8    0.01
 303 24 2018   11.58    0.79    2.97    0.44    0.00   -0.02    8.05    0.00    0.33    0.00    0.00    0.00   440.2   -0.01
 304 24 2018    2.00    0.00    1.12    2.41    0.00    0.01    1.45    0.00   -0.01    0.00    0.00    0.00   442.6    0.00
 305 24 2018    2.29    0.84    0.14    1.88    0.01    0.01    0.50    0.00    0.89    0.00    0.00    0.00   444.5    0.00
 306 24 2018    8.87   12.60    0.12    4.00    0.75    0.01   -6.90    0.00   12.24    0.03    0.00    0.00   448.5   -0.48
 307 24 2018    5.88    6.18    0.49    1.99    0.19   -0.01   -3.09    0.00    6.63    0.63    0.00    0.00   450.5   -0.65
 308 24 2018    3.08    0.69    0.08    2.50    0.81   -0.02    0.00    0.00    6.18    0.94    0.00    0.13   453.0   -6.24
 309 24 2018    4.83    2.74    0.10    2.83    0.74    0.00    0.00    0.00    1.77    1.51    0.00    0.03   455.8   -1.20
 310 24 2018    1.00    1.46    0.02    1.14    0.57    0.00    0.00    0.00   -2.07    1.89    0.00    0.13   457.0    0.01
 311 24 2018    0.96    4.14    0.00    0.56    0.03    0.00    0.81    0.00   -0.69    0.13    0.00    0.00   457.6    0.29
 312 24 2018    0.00    0.00    0.00    0.21    0.02   -0.01    0.20    0.00   -0.51    0.11    0.00    0.00   457.8    0.00
 313 24 2018    0.00    0.00    0.00    0.42    0.28   -0.01    0.24    0.00   -0.68    0.04    0.00    0.00   458.2   -0.01
 314 24 2018    0.42    0.00    0.15    0.62    0.61    0.01    0.50    0.00   -0.88    0.01    0.00    0.00   458.8    0.00
 315 24 2018    9.62    0.00    2.97    0.44    0.00    0.01    6.48    0.00   -0.12    0.00    0.00    0.00   459.2    0.00
 316 24 2018    0.96    0.00    0.11    3.22    0.00    0.00    0.72    0.00   -0.12    0.00    0.00    0.00   462.5    0.01
 317 24 2018    0.00    0.00    0.00    0.33    0.16    0.00    0.02    0.00   -0.23    0.00    0.00    0.00   462.8    0.00
 318 24 2018    0.00    0.08    0.00    0.98    0.97   -0.01   -0.05    0.00   -0.93    0.00    0.00    0.00   463.8    0.01
 319 24 2018    0.00    0.06    0.00    1.15    1.10    0.00   -0.02    0.00   -1.13    0.00    0.00    0.00   464.9    0.00
 320 24 2018    0.25    0.08    0.09    0.29    0.22    0.01    0.09    0.00   -0.23    0.00    0.00    0.00   465.2    0.00
 321 24 2018    5.75    0.00    1.83    0.35    0.00   -0.01    3.76    0.00   -0.09    0.00    0.00    0.00   465.6   -0.01
 322 24 2018    0.00    0.00    0.00    1.93    0.06   -0.01    0.03    0.00   -0.19    0.00    0.00    0.00   467.5    0.08
 323 24 2018    0.00    0.00    0.00    0.05    0.01    0.01    0.04    0.00   -0.10    0.00    0.00    0.00   467.5    0.00
 324 24 2018    0.00    0.00    0.00    0.12    0.10   -0.01    0.03    0.00   -0.14    0.00    0.00    0.00   467.7    0.00
 325 24 2018    0.00    0.03    0.00    0.20    0.17    0.00   -0.04    0.00   -0.14    0.00    0.00    0.00   467.8   -0.01
 326 24 2018    0.13    0.00    0.05    0.17    0.20    0.03    0.04    0.00   -0.18    0.00    0.00    0.00   468.0    0.01
 327 24 2018    3.33    0.79    0.17    1.44    0.34    0.00    1.20    0.00    0.60    0.00    0.00    0.00   469.5   -0.02
 328 24 2018   10.58    1.38    1.53    2.54    0.00   -0.02    5.30    0.00    1.36    0.00    0.00    0.00   472.0    0.05
 329 24 2018    0.96    0.00    0.00    2.02    0.10   -0.01    0.57    0.00   -0.17    0.00    0.00    0.00   474.0    0.07
 330 24 2018    0.00    0.00    0.00    0.15    0.00    0.00   -0.05    0.00   -0.06    0.00    0.00    0.00   474.2   -0.04
 331 24 2018    0.17    0.00    0.06    0.06    0.01    0.01    0.08    0.00   -0.05    0.00    0.00    0.00   474.2    0.00
 332 24 2018    3.83    0.00    0.15    1.29    0.02    0.03    2.42    0.00   -0.33    0.00    0.00    0.00   475.5    0.34
 333 24 2018    0.04    0.00    0.01    0.38    0.11   -0.03   -0.02    0.00   -0.12    0.00    0.00    0.00   475.9   -0.04
 334 24 2018    0.96    0.00    0.00    0.39    0.00    0.01    0.60    0.00   -0.40    0.00    0.00    0.00   476.3    0.38
 335 24 2018    0.00    0.00    0.00    0.13    0.00   -0.02   -0.04    0.00   -0.03    0.00    0.00    0.00   476.4   -0.05
 336 24 2018    0.04    0.00    0.01    0.02    0.00    0.01    0.03    0.00   -0.03    0.00    0.00    0.00   476.4    0.01
 337 24 2018    0.96    0.00    0.00    0.37    0.00   -0.01    0.63    0.00   -0.43    0.00    0.00    0.00   476.8    0.41
 338 24 2018    0.08    0.00    0.03    0.09    0.00   -0.01    0.02    0.00   -0.03    0.00    0.00    0.00   476.9   -0.01
 339 24 2018    1.96    0.00    0.01    0.74    0.00    0.01    1.22    0.00   -0.20    0.00    0.00    0.00   477.6    0.19
 340 24 2018    0.96    0.00    0.08    0.28    0.00    0.00    0.59    0.00    0.03    0.00    0.00    0.00   477.9    0.01
 341 24 2018    0.00    0.00    0.00    0.07    0.00    0.01    0.00    0.00   -0.09    0.00    0.00    0.00   478.0    0.08
 342 24 2018    0.00    0.00    0.00    0.07    0.00   -0.01   -0.04    0.00   -0.01    0.00    0.00    0.00   478.1   -0.01
 343 24 2018    0.00    0.00    0.00    0.10    0.00   -0.02   -0.05    0.00   -0.02    0.00    0.00    0.00   478.2   -0.01
 344 24 2018    0.00    0.00    0.00    0.06    0.01    0.00   -0.04    0.00   -0.02    0.00    0.00    0.00   478.2    0.00
 345 24 2018    0.08    0.00    0.03    0.10    0.00    0.00   -0.01    0.00   -0.02    0.00    0.00    0.00   478.3   -0.01
 346 24 2018    1.92    0.00    0.00    0.73    0.00    0.02    1.22    0.00   -0.29    0.00    0.00    0.00   479.1    0.27
 347 24 2018    0.00    0.00    0.00    0.03    0.00   -0.01    0.00    0.00   -0.02    0.00    0.00    0.00   479.1    0.00
 348 24 2018    0.00    0.00    0.00    0.03    0.01    0.00   -0.01    0.00    0.00    0.00    0.00    0.00   479.1   -0.01
 349 24 2018    0.00    0.00    0.00    0.05    0.01    0.00   -0.03    0.00    0.00    0.00    0.00    0.00   479.2   -0.01
 350 24 2018    0.00    0.00    0.00    0.12    0.11    0.00   -0.02    0.00   -0.10    0.00    0.00    0.00   479.3    0.00
 351 24 2018    0.00    0.00    0.00    0.06    0.07    0.01   -0.02    0.00   -0.06    0.00    0.00    0.00   479.3    0.02
 352 24 2018    0.21    0.00    0.07   -0.05    0.03    0.00    0.13    0.00   -0.04    0.00    0.00    0.00   479.3    0.09
 353 24 2018    4.79    0.00    0.10    1.73    0.00    0.00    3.07    0.00   -0.04    0.00    0.00    0.00   481.0    0.01
 354 24 2018    0.00    0.00    0.00    0.13    0.00    0.00    0.01    0.00   -0.02    0.00    0.00    0.00   481.1   -0.01
 355 24 2018    0.13    0.00    0.04    0.05    0.01    0.00    0.06    0.00   -0.01    0.00    0.00    0.00   481.2   -0.03
 356 24 2018    2.88    0.00    0.00    1.12    0.00   -0.01    1.83    0.00   -0.02    0.00    0.00    0.00   482.3    0.01
 357 24 2018    0.08    0.00    0.03    0.01    0.00    0.01    0.06    0.00   -0.76    0.00    0.00    0.00   482.3    0.74
 358 24 2018    1.92    0.00    0.03    0.69    0.00    0.00    1.23    0.00   -0.07    0.00    0.00    0.00   483.0    0.07
 359 24 2018    0.04    0.00    0.01    0.04    0.00    0.00    0.05    0.00   -0.02    0.00    0.00    0.00   483.1   -0.01
 360 24 2018    0.96    0.00    0.11    0.24    0.00    0.00    0.63    0.00   -0.44    0.00    0.00    0.00   483.3    0.43
 361 24 2018    0.04    0.00    0.01    0.14    0.00    0.00    0.04    0.00   -0.02    0.00    0.00    0.00   483.4   -0.02
 362 24 2018    0.96    0.00    0.02    0.34    0.00    0.00    0.64    0.00   -0.02    0.00    0.00    0.00   483.8   -0.01
 363 24 2018    0.00    0.00    0.00    0.01    0.00    0.00    0.00    0.00   -0.18    0.00    0.00    0.00   483.8    0.20
 364 24 2018    0.08    0.00    0.03    0.02    0.00    0.01    0.05    0.00   -0.10    0.00    0.00    0.00   483.8    0.08
